2018  81 23   6.0   5.2   4.7   0.6  137983.  13.4  403.
2018  82  0   6.1   5.4   3.1  -1.1  126831.  11.9  411.
2018  82  1   3.2   2.6   1.4  -1.6  135111.  11.1  413.
2018  82  2   4.1   4.0   3.6   0.8  119785.   9.7  411.
2018  82  3   5.1   3.4  -1.3  -0.1  105708.  10.0  418.
2018  82  4   6.6   5.9   0.9   1.0  111891.   6.7  418.
2018  82  5   7.1   7.0   5.4   2.0   72952.   4.5  418.
2018  82  6   7.2   7.1   6.8   1.5   77593.   4.6  409.
2018  82  7   6.6   6.6   5.8   2.1   87117.   4.7  408.
2018  82  8   5.8   4.5   1.0  -0.8  104601.   6.4  438.
2018  82  9   5.2   4.8  -1.9  -2.3  124402.   7.9  444.
2018  82 10   5.7   5.1   1.0   0.5  114217.   7.9  428.
2018  82 11   4.5   4.3   1.4  -1.5  117991.   8.7  430.
2018  82 12   4.8   4.1   2.1   0.4  118329.   8.7  424.
2018  82 13   5.1   4.7   1.9   1.9  121422.   7.9  427.
2018  82 14   4.7   4.2   3.9   1.6  135519.   8.1  439.
2018  82 15   4.7   4.0   2.9  -1.5  138323.   8.4  453.
2018  82 16   5.6   5.3   3.6   1.5   98447.   7.4  474.
2018  82 17   6.9   6.7   5.6   1.9   91261.   7.8  457.
2018  82 18   6.9   6.0   5.2   0.6   98660.   7.4  449.
2018  82 19   8.1   6.1   5.7   1.9   89939.   6.8  472.
2018  82 20   7.1   7.1  -5.9  -3.1  127411.   8.4  485.
2018  82 21   6.6   6.1  -5.6  -1.8  132438.   8.1  480.
2018  82 22   4.3   2.4  -1.7   0.1  153358.   7.5  464.
2018  82 23   4.9   4.2  -3.7  -1.3  156114.   6.4  463.
2018  83  0   5.2   5.0  -4.6  -1.5  178797.   5.0  480.
2018  83  1   5.7   5.6  -5.4  -1.0  136421.   4.9  488.
2018  83  2   4.6   4.6  -4.5   0.1   93639.   5.3  487.
2018  83  3   4.6   4.4  -4.3  -0.2  122573.   4.9  470.
2018  83  4   3.7   3.6  -3.5  -0.8  126701.   6.1  463.
2018  83  5   4.1   3.3  -0.6   1.0  122932.   7.5  440.
2018  83  6   3.8   3.5   1.8   1.2  117859.   8.2  430.
2018  83  7   5.2   4.5   1.3   0.4  109033.   8.8  429.
2018  83  8   4.2   3.3   0.7   0.7  107952.   9.9  425.
2018  83  9   6.9   6.4   3.9   1.0   66325.   9.9  411.
2018  83 10   6.2   5.7   4.5   0.8   97599.  11.9  395.
2018  83 11   6.8   6.3   6.2   0.7  104160.  11.7  391.
2018  83 12   7.2   6.7   5.3   2.3   96766.  10.6  398.
2018  83 13   8.3   8.2   4.9   2.2   76354.   8.0  405.
2018  83 14   7.0   6.7   2.6   1.6   92130.   8.3  410.
2018  83 15   7.1   6.3   2.6  -0.9  112471.   9.0  419.
2018  83 16   8.4   6.6   6.5   0.1  116264.  10.7  412.
2018  83 17   7.8   6.7   5.4   3.0  118929.  10.1  415.
2018  83 18   8.6   8.5   4.6   1.1   90369.   7.5  425.
2018  83 19   8.4   8.2   5.2   1.0   76219.   6.4  421.
2018  83 20   7.9   7.7   3.7  -1.5   76425.   5.8  418.
2018  83 21   6.4   4.9   1.7  -3.1  119046.   7.0  449.
2018  83 22   5.3   3.4   2.0  -1.1  125052.   7.1  453.
2018  83 23   5.4   4.9   1.8  -1.9  123213.   6.8  462.
2018  84  0   5.1   3.9   2.0   0.7  120424.   6.4  465.
2018  84  1   5.1   3.9   2.0   1.3  102762.   6.4  462.
2018  84  2   5.5   4.7  -1.6  -2.1   97355.   7.1  482.
2018  84  3   5.4   4.7   0.0  -1.8   95894.   6.9  472.
2018  84  4   5.1   4.4   0.9   0.1  103139.   6.5  460.
2018  84  5   5.0   4.4   2.2   1.1   99631.   4.9  452.
2018  84  6   5.3   4.8   1.1  -1.0  126340.   7.1  470.
2018  84  7   5.9   4.3  -2.2  -2.5  119349.   8.6  484.
2018  84  8   6.8   5.5   0.1  -1.7  108135.   8.0  479.
2018  84  9   6.3   5.1  -0.4   2.1  126455.   9.0  475.
2018  84 10   5.3   2.8   1.6   2.0  123575.   9.6  462.
2018  84 11   4.9   4.0   2.3   2.1  104784.   8.5  458.
2018  84 12   4.3   1.6   1.4   0.7  107246.   8.3  461.
2018  84 13   5.2   4.9   0.3  -1.0   99028.   7.7  456.
2018  84 14   5.0   4.6   2.0  -1.2   95378.   7.5  451.
2018  84 15   4.1   3.4   1.0  -1.6   98624.   7.5  453.
2018  84 16   4.2   3.6  -0.4   0.1   93979.   7.2  453.
2018  84 17   3.5   1.4   0.4   1.3   97389.   7.3  457.
2018  84 18   4.0   3.0   2.0  -1.2  105383.   8.2  460.
2018  84 19   4.5   3.7   2.7  -0.6  104510.   8.2  455.
2018  84 20   4.9   3.4   0.0  -3.2   96500.   7.6  471.
2018  84 21   5.4   3.9  -0.1  -3.9  106143.   6.8  474.
2018  84 22   6.7   5.6   4.4  -0.5   94877.   8.3  458.
2018  84 23   5.8   5.3   3.8  -0.2   97858.   7.4  455.
2018  85  0   5.3   2.4   0.7   0.6  125038.   7.5  477.
2018  85  1   6.7   5.2  -0.2  -0.3  125871.   6.3  478.
2018  85  2   6.5   4.2   1.6   0.7  129917.   5.1  485.
2018  85  3   6.7   6.0   3.7   3.8  123634.   4.1  476.
2018  85  4   6.5   4.1   3.0   2.4  133096.   4.0  476.
2018  85  5   6.8   6.5   4.9  -0.8   99217.   2.8  478.
2018  85  6   6.8   6.2   4.5   4.3   84929.   2.5  486.
2018  85  7   6.4   5.1   3.4   3.5   97055.   3.1  496.
2018  85  8   5.1   4.6  -2.3  -2.1  135551.   4.0  530.
2018  85  9   4.6   4.4  -1.2  -1.0  125086.   3.9  518.
2018  85 10   4.1   3.9   0.8   0.5  115645.   3.8  512.
2018  85 11   4.0   3.6   1.2   0.2   97051.   3.5  506.
2018  85 12   3.3   2.7   0.6  -1.0  106577.   3.2  509.
2018  85 13   4.1   3.7   0.3  -1.1  112826.   3.4  507.
2018  85 14   4.3   3.7   2.3   0.5   77460.   2.9  502.
2018  85 15   4.2   4.0   3.4   0.7   62532.   2.3  488.
2018  85 16   4.1   4.0   3.4  -0.2   58830.   2.1  481.
2018  85 17   3.8   3.5   1.4  -2.5   90692.   2.0  478.
2018  85 18   3.5   3.2   2.4  -1.7   59840.   1.5  462.
2018  85 19   3.9   3.4   2.2  -2.0   65691.   1.2  458.
2018  85 20   4.4   3.3   1.3  -2.2   96814.   2.2  465.
2018  85 21   4.6   3.4   3.4   0.1   99870.   2.6  437.
2018  85 22   5.6   5.0   3.8   1.9   87050.   2.5  458.
2018  85 23   5.1   4.3   2.5   1.3  107278.   2.9  481.
2018  86  0   4.8   4.3   2.4   0.7  117822.   2.9  472.
2018  86  1   5.5   4.9  -0.5  -1.2  116009.   4.3  505.
2018  86  2   5.6   4.9   1.1   3.4  127798.   4.0  509.
2018  86  3   6.2   4.4  -2.5  -1.8  151044.   4.2  530.
2018  86  4   4.7   3.7   0.5   2.8  172418.   4.2  526.
2018  86  5   3.6   1.9   0.9   0.2  185721.   4.3  528.
2018  86  6   3.2   2.1   1.6  -1.4  192575.   3.6  532.
2018  86  7   3.0   1.6   1.2  -0.9  144326.   2.9  536.
2018  86  8   2.5   1.2   0.2  -0.9  139709.   2.9  541.
2018  86  9   3.6   3.5  -3.1  -0.2  107483.   2.3  541.
2018  86 10   3.4   3.1  -2.4  -1.2  122205.   2.4  530.
2018  86 11   3.9   3.1  -1.2  -0.8  115166.   2.4  530.
2018  86 12   3.5   2.8  -2.7  -0.3  149513.   2.4  530.
2018  86 13   3.5   2.2  -1.3  -0.6  136145.   2.3  538.
2018  86 14   3.6   3.1  -1.9  -0.6  114753.   2.1  539.
2018  86 15   3.0   2.8  -0.5   0.3  100985.   2.0  529.
2018  86 16   2.6   2.0  -0.9  -0.3   98328.   2.0  528.
2018  86 17   2.5   2.1  -0.1  -0.3  106651.   2.2  517.
2018  86 18   2.5   2.5   1.0   0.0   92062.   2.2  499.
2018  86 19   2.8   2.8   2.4   0.2   67680.   1.8  479.
2018  86 20   3.2   3.2   2.7   0.1   82108.   2.1  489.
2018  86 21   3.3   3.2   3.1   0.1   84146.   1.7  481.
2018  86 22   3.2   3.1   2.6  -0.2   54860.   2.0  468.
2018  86 23   3.1   3.1   2.4  -0.6   42890.   2.0  456.
2018  87  0   2.6   2.3   1.2  -0.8   63960.   1.8  445.
2018  87  1   2.3   1.7  -1.2   0.0   51990.   2.3  450.
2018  87  2   2.3   2.2  -2.0   0.9   49541.   1.8  442.
2018  87  3   2.2   2.0  -0.7   1.2   49429.   2.0  427.
2018  87  4   2.3   2.0  -0.6  -1.4   39441.   1.8  421.
2018  87  5   2.4   2.3   0.7  -1.1   40021.   1.3  408.
2018  87  6   2.3   2.2   1.7   0.1   40846.   1.4  397.
2018  87  7   2.6   2.4   1.7  -0.6   37558.   1.3  390.
2018  87  8   2.6   2.4   1.9   0.1   42943.   1.7  386.
2018  87  9   2.6   1.8   0.8   0.3   35798.   1.7  389.
2018  87 10   2.7   2.5  -1.0  -1.4   32382.   1.5  396.
2018  87 11   2.6   2.6   2.5   0.6   26061.   1.6  378.
2018  87 12   2.6   2.6   2.6  -0.4   40191.   1.8  376.
2018  87 13   2.8   2.7   2.3  -1.0   47942.   2.4  379.
2018  87 14   2.8   2.6   1.9  -1.8   43209.   2.5  384.
2018  87 15   2.6   2.4   2.2  -0.1   41779.   2.9  383.
2018  87 16   2.5   2.3   2.1   0.9   35375.   3.1  381.
2018  87 17   2.2   2.2   2.0   0.8   31596.   3.2  375.
2018  87 18   2.1   2.1   1.9   0.0   30484.   3.4  373.
2018  87 19   2.2   2.1   1.9  -0.5   25628.   3.6  369.
2018  87 20   2.0   1.9   1.6   0.3   16677.   4.4  372.
2018  87 21   2.1   2.1   2.0   0.5   15310.   4.4  368.
2018  87 22   1.8   1.8   1.6   0.1   12283.   5.0  369.
2018  87 23   2.6   2.6   2.5   0.2   18288.   4.1  362.
2018  88  0   2.9   2.9   2.8   0.0   19179.   3.9  358.
2018  88  1   3.1   3.1   3.0  -0.1   17934.   3.9  353.
2018  88  2   3.2   3.2   3.1  -0.1   18666.   3.9  352.
2018  88  3   3.2   3.2   3.2   0.0   15998.   2.8  351.
2018  88  4   3.2   3.2   3.1   0.4   15070.   2.9  348.
2018  88  5   3.0   3.0   3.0   0.3   13325.   2.4  345.
2018  88  6   2.8   2.8   2.4   0.5   16558.   3.6  347.
2018  88  7   2.8   2.3   0.9  -1.9   26948.   5.7  350.
2018  88  8   2.5   1.6   0.1  -1.6   36304.   7.1  360.
2018  88  9   3.2   1.4   0.2  -1.2   32770.   8.6  366.
2018  88 10   2.9   1.7   0.1  -1.6   39935.  10.6  361.
2018  88 11   4.3   3.9   2.2   0.3   23318.  10.3  361.
2018  88 12   2.9   2.7   1.4   1.1   16624.  12.3  357.
2018  88 13   2.1   1.8  -0.5   0.0   12585.  13.8  349.
2018  88 14   2.3   2.2  -1.0  -0.1   11566.  16.5  352.
2018  88 15   4.3   4.2  -1.3  -1.2   19031.  25.7  367.
2018  88 16   5.8   4.3  -2.1   1.0   30749.  20.7  365.
2018  88 17   7.7   6.5  -3.2   1.4   43845.  11.7  363.
2018  88 18   7.4   5.2  -2.2   0.0   75253.   6.5  372.
2018  88 19   5.2   4.3  -0.6  -3.1  175050.   4.1  374.
2018  88 20   5.6   4.9   1.2  -1.2   83312.   3.7  367.
2018  88 21   6.0   5.7  -0.4  -1.3   63503.   3.4  368.
2018  88 22   6.3   6.3  -2.2  -1.8   44477.   3.6  361.
2018  88 23   5.9   5.2  -2.7  -0.3   88133.   4.2  392.
2018  89  0   5.4   4.9  -3.5  -0.6   87324.   4.3  428.
2018  89  1   4.7   3.7  -1.3  -2.7   90517.   5.1  422.
2018  89  2   3.7   3.4  -2.0  -2.5   94467.   5.4  419.
2018  89  3   4.0   3.8  -2.3  -3.1   78958.   4.5  423.
2018  89  4   3.9   3.7  -2.7  -2.3   80071.   3.6  422.
2018  89  5   3.0   2.8  -1.8  -1.5   72950.   4.5  398.
2018  89  6   3.5   3.2  -1.6  -1.5   59624.   5.3  392.
2018  89  7   4.1   3.3  -1.3  -1.2   65487.   6.9  392.
2018  89  8   4.3   2.3  -1.7   0.1   73264.   8.1  401.
2018  89  9   4.8   1.3   0.1   0.0   64374.   6.8  408.
2018  89 10   4.0   3.8   2.2  -0.4   64910.   8.1  411.
2018  89 11   3.9   1.9   0.5  -1.0   65998.   7.0  419.
2018  89 12   5.3   3.4  -0.5  -1.7   74413.   9.0  427.
2018  89 13   5.5   3.3  -2.5   0.9   82735.   9.8  411.
2018  89 14   6.6   6.3  -4.9   2.6   99602.  10.0  402.
2018  89 15   7.6   7.4  -6.4   3.0   83441.   9.5  398.
2018  89 16   7.0   5.9  -5.1   0.5   88087.  10.9  398.
2018  89 17   6.1   5.3  -3.3   0.3   89148.  13.5  394.
2018  89 18   7.2   6.8  -4.6  -1.5   59369.  13.9  389.
2018  89 19   6.6   6.3  -4.0   0.1   56959.  12.9  398.
2018  89 20   5.6   4.8  -3.5   0.5   63630.  12.2  408.
2018  89 21   4.9   4.6  -4.1   2.0   82628.  10.3  406.
2018  89 22   4.7   4.2  -3.9   1.2   92213.  10.2  406.
2018  89 23   5.4   5.0  -4.3   2.5   88453.   9.7  407.
2018  90  0   5.3   3.9  -1.0   0.5  100336.   9.7  417.
2018  90  1   6.5   5.8   1.3  -4.4  166723.   6.8  444.
2018  90  2   5.5   4.5  -0.7  -2.8  161384.   6.9  442.
2018  90  3   5.2   4.9  -3.1  -0.2  131505.   6.2  435.
2018  90  4   5.8   5.4  -2.9  -1.1  111913.   5.9  440.
2018  90  5   6.0   5.9  -4.1  -0.7  106078.   5.5  437.
2018  90  6   5.7   5.6  -3.9  -0.7  111080.   6.0  440.
2018  90  7   4.9   4.5  -3.6   0.9  108521.   6.5  434.
2018  90  8   4.7   4.4  -4.1   1.1  105273.   6.3  427.
2018  90  9   4.3   2.1  -1.0  -0.8   94104.   6.2  435.
2018  90 10   4.2   3.8  -3.5   1.4   85640.   5.7  421.
2018  90 11   3.7   3.3  -1.7  -0.3   89434.   6.1  426.
2018  90 12   3.9   3.4   0.7  -0.9   81538.   5.7  431.
2018  90 13   3.6   3.0  -2.6   0.2   74122.   5.1  413.
2018  90 14   3.3   3.1  -2.6  -1.5   66686.   4.9  411.
2018  90 15   3.2   2.9  -2.3  -1.1   64997.   4.7  412.
2018  90 16   3.6   3.4  -1.9  -2.8   63667.   4.9  416.
2018  90 17   4.1   3.9  -3.0  -1.1   64871.   5.2  410.
2018  90 18   4.3   4.2  -2.9  -0.5   66171.   5.3  412.
2018  90 19   4.4   4.2  -3.0   2.1   66285.   6.0  410.
2018  90 20   5.7   5.4  -3.5   1.4   64115.   7.4  415.
2018  90 21   4.0   3.0  -1.8  -0.6   76258.   8.0  418.
2018  90 22   4.2   3.7  -1.7   2.4   76974.   8.9  411.
2018  90 23   4.6   2.8  -1.9   0.6   80623.   7.7  417.
2018  91  0   4.2   3.4  -3.0  -1.1   85959.   8.5  409.
2018  91  1   4.5   3.7   0.5  -0.5   74095.   8.3  413.
2018  91  2   4.7   2.9  -0.7  -0.7   88765.   6.4  418.
2018  91  3   5.6   5.2  -2.3  -0.1   93827.   5.9  430.
2018  91  4   5.4   4.9  -4.4   1.4   98252.   6.4  428.
2018  91  5   5.6   3.6  -2.5   0.3   91893.   5.0  435.
2018  91  6   4.5   4.1  -0.6  -0.3  108649.   5.1  453.
2018  91  7   4.2   3.0  -0.7   0.7  100118.   5.5  454.
2018  91  8   4.2   3.6  -1.2  -1.0  103530.   5.8  438.
2018  91  9   4.0   2.4  -2.2   0.3  102808.   5.2  446.
2018  91 10   3.6   2.8  -2.3  -0.1  107898.   5.2  458.
2018  91 11   3.2   2.7  -2.3  -0.1  103529.   5.6  459.
2018  91 12   2.6   1.6  -1.2  -1.1   96661.   6.0  456.
2018  91 13   5.1   5.1  -4.8  -0.5   77278.   4.2  451.
2018  91 14   5.3   5.3  -5.0  -0.2   72351.   4.2  446.
2018  91 15   5.6   5.5  -5.4   1.0   75685.   4.3  442.
2018  91 16   5.6   5.4  -5.3   0.9   72509.   4.4  445.
2018  91 17   5.5   5.0  -4.7   1.5   72989.   4.8  449.
2018  91 18   5.3   5.1  -4.7   2.0   71610.   4.6  450.
2018  91 19   4.4   3.2  -1.4  -1.2  104691.   5.2  460.
2018  91 20   5.2   4.3  -1.6  -0.4  100090.   5.0  453.
2018  91 21   4.9   4.8  -4.1   0.6  103960.   4.5  443.
2018  91 22   4.7   4.2  -4.1   0.8   98503.   4.6  441.
2018  91 23   4.5   4.0  -3.9   0.4   92082.   4.4  440.
2018  92  0   4.2   3.5  -3.4   0.0   88948.   4.2  438.
2018  92  1   3.9   3.3  -2.9   0.0   85850.   4.0  436.
2018  92  2   4.1   4.1  -4.0   0.1   80615.   3.5  422.
2018  92  3   3.9   3.9  -3.8  -0.7   63690.   3.4  416.
2018  92  4   4.0   4.0  -3.8  -0.1   59678.   3.2  413.
2018  92  5   4.1   2.9  -2.5   0.1   64405.   3.7  425.
2018  92  6   4.0   3.8   2.2  -0.9   68385.   3.9  455.
2018  92  7   3.9   3.8   2.2  -0.2   68479.   4.0  453.
2018  92  8   4.1   3.5   0.0   0.1   73033.   3.9  434.
2018  92  9   4.1   3.6  -2.0  -0.1   72889.   3.7  422.
2018  92 10   4.3   4.2  -0.2  -1.0   81128.   3.7  434.
2018  92 11   4.2   2.8  -1.4  -0.4   85387.   3.6  434.
2018  92 12   4.7   4.3  -4.2  -0.1   72675.   2.8  413.
2018  92 13   4.6   4.4  -4.2   1.4   81675.   3.4  422.
2018  92 14   4.1   3.1  -1.0   0.2   95137.   4.0  431.
2018  92 15   3.7   1.5  -0.7   1.3   93165.   4.2  426.
2018  92 16   4.2   3.5  -2.9   1.9   86043.   3.7  410.
2018  92 17   3.9   3.6  -2.4   1.4   80500.   3.7  409.
2018  92 18   3.8   3.3  -2.8   1.4   80315.   3.5  409.
2018  92 19   3.8   3.5  -2.5  -0.3   75535.   3.7  413.
2018  92 20   3.7   3.7  -2.5   1.4   74915.   3.8  410.
2018  92 21   3.7   3.5  -3.2   0.7   57945.   2.7  397.
2018  92 22   3.9   3.9  -3.9   0.3   48848.   2.3  388.
2018  92 23   3.8   3.7  -3.4  -1.5   50873.   2.9  392.
2018  93  0   3.8   3.7  -3.5  -1.3   44115.   2.7  387.
2018  93  1   3.8   3.7  -3.4  -1.4   44792.   2.9  387.
2018  93  2   3.6   3.5  -3.1  -1.5   49675.   2.9  383.
2018  93  3   3.8   3.7  -2.8  -2.4   59970.   3.5  383.
2018  93  4   3.7   3.5  -3.0  -1.4   46332.   3.0  385.
2018  93  5   3.7   3.6  -3.0  -0.9   39077.   2.4  385.
2018  93  6   3.8   3.6  -2.9   0.7   32164.   2.3  383.
2018  93  7   3.6   3.5  -2.9   1.7   29204.   2.1  374.
2018  93  8   3.4   3.1  -3.0   1.1   33366.   2.3  369.
2018  93  9   3.4   3.1  -2.9   0.2   32505.   2.3  366.
2018  93 10   3.3   2.9  -2.2  -0.5   24758.   2.1  374.
2018  93 11   2.9   2.8  -2.2   0.9   33442.   1.5  362.
2018  93 12   3.0   2.9  -1.7   1.1   24431.   1.4  360.
2018  93 13   3.3   3.3  -2.4   1.3   32370.   2.4  356.
2018  93 14   3.1   3.1  -2.3   1.3   36438.   2.7  352.
2018  93 15   3.1   3.0  -1.7   0.9   39793.   2.8  353.
2018  93 16   3.3   3.3  -1.3   0.5   33599.   2.6  356.
2018  93 17   3.4   3.4  -1.1   0.4   26133.   2.6  355.
2018  93 18   3.5   3.4  -2.3   0.5   23759.   2.5  343.
2018  93 19   3.8   3.7  -2.5   0.8   26024.   3.0  342.
2018  93 20   3.8   3.8  -2.5   0.7   21892.   3.2  343.
2018  93 21   3.6   3.6  -2.7   0.7   18944.   4.1  342.
2018  93 22   4.8   4.7  -2.5   0.3   21446.   5.2  347.
2018  93 23   4.7   4.7  -2.8   0.0   18889.   5.7  343.
2018  94  0   4.3   4.2  -2.8   0.2   18845.   6.1  341.
2018  94  1   3.8   3.7  -3.2   0.5   23095.   6.7  340.
2018  94  2   3.6   3.3  -2.7   0.5   28676.   7.5  341.
2018  94  3   3.3   3.2  -2.1   0.0   27756.   7.9  341.
2018  94  4   3.2   3.0  -1.7   0.4   24833.   8.8  342.
2018  94  5   3.7   3.3  -1.8  -0.5   26710.   9.6  343.
2018  94  6   3.8   3.6  -2.4   1.1   21774.  10.3  341.
2018  94  7   3.7   3.2  -2.6   1.1   23662.   9.5  336.
2018  94  8   4.7   4.2  -2.7   2.2   24098.  11.6  337.
2018  94  9   5.3   5.0  -2.8  -1.2   26819.  13.0  337.
2018  94 10   4.8   4.6  -2.9  -3.3   27179.  12.4  332.
2018  94 11   4.0   3.7  -1.9  -2.7   26643.  13.4  332.
2018  94 12   3.5   2.8  -0.1  -2.1   25953.  13.6  335.
2018  94 13   3.9   3.3   0.4  -0.8   23162.  14.2  335.
2018  94 14   4.2   3.6   0.4  -1.8   24496.  15.9  337.
2018  94 15   3.8   3.4   0.0  -2.8   25623.  15.4  335.
2018  94 16   3.7   2.4  -1.4   1.1   26373.  15.5  329.
2018  94 17   3.9   3.5  -2.4  -1.4   26129.  14.5  324.
2018  94 18   3.1   2.9  -0.4  -2.8   24572.  14.1  325.
2018  94 19   3.2   2.6   0.4  -2.1   24069.  12.5  325.
2018  94 20   2.8   2.6   0.2  -2.5   25053.  12.3  324.
2018  94 21   1.8   1.1   0.3  -1.0   23397.  14.7  329.
2018  94 22   4.4   4.3   2.7  -3.3   23947.  16.0  344.
2018  94 23   4.0   3.2   1.4  -2.9   26116.  17.7  339.
2018  95  0   3.9   3.4   2.0  -2.7   26985.  14.2  332.
2018  95  1   3.5   3.0   1.2  -2.6   26886.  14.1  334.
2018  95  2   2.8   2.2  -0.9   1.5   27035.  16.2  337.
2018  95  3   4.5   4.1  -1.1   0.2   37528.  10.4  346.
2018  95  4   4.9   4.0  -0.4  -1.7   40701.  10.0  353.
2018  95  5   5.5   5.3  -1.8   0.2   35259.  10.1  354.
2018  95  6   5.0   4.9  -2.2  -0.7   31324.  11.3  353.
2018  95  7   5.5   5.3  -2.0  -1.5   33590.  10.8  351.
2018  95  8   5.9   5.7  -4.1   2.9   38887.   9.5  355.
2018  95  9   5.3   4.9  -3.9   1.2   50685.   8.7  360.
2018  95 10   5.0   4.8  -3.5  -0.9   53386.   8.2  354.
2018  95 11   4.0   4.0  -3.2  -1.5   58017.   8.4  355.
2018  95 12   4.0   3.1  -2.0  -2.0   56290.   9.1  363.
2018  95 13   3.4   2.8  -0.9  -0.5   56805.  10.2  371.
2018  95 14   3.2   2.5  -0.1  -1.3   53982.  11.9  376.
2018  95 15   4.7   3.9   1.1  -2.2   55695.  11.5  381.
2018  95 16   4.4   4.0   1.2  -1.9   55635.  11.6  388.
2018  95 17   3.8   0.9   0.1  -0.7   71119.  12.2  391.
2018  95 18   5.7   5.5  -2.9   2.6   72264.  12.1  389.
2018  95 19   6.6   1.9   0.8  -0.9   77851.  11.4  394.
2018  95 20   5.8   4.5  -2.3  -0.6   90201.  10.7  393.
2018  95 21   7.3   5.9  -4.6   2.3   89420.   9.6  408.
2018  95 22   7.4   7.1  -6.6   1.8   97430.   7.5  428.
2018  95 23   6.4   6.3  -6.1  -0.1  113944.   6.4  429.
2018  96  0   5.8   5.7  -5.5   0.3  107282.   5.6  434.
2018  96  1   4.6   4.5  -4.5  -0.2  116928.   5.5  435.
2018  96  2   4.5   4.3  -3.3  -0.4  108739.   5.2  425.
2018  96  3   4.9   4.8  -4.7  -0.1  104523.   4.2  419.
2018  96  4   5.5   5.5  -5.5   0.4   44383.   3.1  413.
2018  96  5   4.4   4.1  -3.6   0.1   89931.   4.5  408.
2018  96  6   4.0   4.0  -3.6   0.5   93616.   5.0  412.
2018  96  7   4.3   4.2  -3.6   1.0   85537.   5.2  402.
2018  96  8   4.1   3.6  -1.5  -0.2   86283.   5.8  399.
2018  96  9   4.4   4.2  -3.5   0.5   79287.   5.6  388.
2018  96 10   5.0   4.9  -4.4   0.0   68187.   5.5  385.
2018  96 11   4.1   4.0  -3.5  -0.6   62001.   6.3  371.
2018  96 12   4.0   3.8  -3.4  -0.5   59538.   6.1  367.
2018  96 13   4.0   3.7  -3.0  -0.3   56670.   5.8  361.
2018  96 14   4.1   4.0  -3.7   0.1   41502.   5.4  360.
2018  96 15   3.0   2.9  -2.7   0.4   32838.   6.6  359.
2018  96 16   2.8   2.7  -2.7  -0.5   27093.   6.8  358.
2018  96 17   3.0   2.6  -2.1   1.5   32600.   6.0  359.
2018  96 18   3.0   2.9  -2.7   1.0   43454.   5.1  356.
2018  96 19   2.4   2.2  -2.2   0.0   48388.   5.1  358.
2018  96 20   2.1   1.6  -1.2  -0.7   37340.   5.2  359.
2018  96 21   1.5   1.2  -1.1  -0.4   19804.   7.0  359.
2018  96 22   1.7   1.6  -1.3  -0.8   18586.   7.5  354.
2018  96 23   1.9   1.6  -0.8   0.8   18392.   7.7  355.
2018  97  0   1.8   1.4  -0.9  -0.1   17533.   7.6  349.
2018  97  1   1.7   1.6  -1.0   0.2   17048.   8.7  342.
2018  97  2   1.9   1.8  -1.0   0.7   19551.  10.1  343.
2018  97  3   1.3   0.9  -0.5   0.3   17437.  11.3  335.
2018  97  4   2.5   2.1  -1.0   1.1   17133.   9.2  338.
2018  97  5   2.3   2.2  -0.2   0.7   17275.   9.4  343.
2018  97  6   1.5   1.2   0.8  -0.9   18112.  10.6  342.
2018  97  7   2.3   1.9   0.0  -0.8   18651.  10.5  341.
2018  97  8   2.6   2.4  -1.9   1.4   18380.   9.5  335.
2018  97  9   3.2   3.1  -2.0   2.1   24122.   8.0  342.
2018  97 10   2.4   1.8  -1.1   0.8   35115.   7.6  350.
2018  97 11   2.8   2.6  -0.9  -1.2   31834.   8.4  349.
2018  97 12   2.6   1.4  -0.5  -1.1   22731.  12.3  352.
2018  97 13   1.6   1.0  -0.5   0.0   20534.  14.3  350.
2018  97 14   2.2   1.9  -0.8   1.3   19012.  14.8  347.
2018  97 15   2.2   1.6   0.3   0.7   23446.  13.6  346.
2018  97 16   2.7   1.4  -1.0   0.5   35318.  11.2  348.
2018  97 17   3.6   2.5  -2.0   0.8   43846.  10.2  346.
2018  97 18   3.9   3.3  -1.6   1.9   43805.   9.4  346.
2018  97 19   4.7   4.4  -2.7   1.8   42264.   7.0  346.
2018  97 20   3.6   2.6  -1.5   0.4   57670.   7.2  367.
2018  97 21   3.2   3.0   1.8  -2.4   52731.   7.7  370.
2018  97 22   3.4   3.2   2.4  -1.3   41297.   7.4  376.
2018  97 23   3.4   3.3   2.5  -1.2   36951.   6.7  376.
2018  98  0   3.3   3.1   2.6  -0.4   29792.   7.2  378.
2018  98  1   2.6   1.9   1.0  -1.0   34599.   7.6  367.
2018  98  2   3.0   1.8  -0.1  -1.4   30725.   7.4  358.
2018  98  3   2.9   2.0   1.2  -1.5   34859.   6.9  360.
2018  98  4   1.8   1.6  -1.3  -0.5   28664.   8.4  350.
2018  98  5   1.7   1.5  -1.2   0.8   26858.   8.5  348.
2018  98  6   2.6   2.5  -2.2   0.5   22915.   8.0  354.
2018  98  7   2.7   2.6  -2.5   0.5   25367.   8.1  356.
2018  98  8   2.6   2.6  -2.5   0.5   27003.   8.3  356.
2018  98  9   2.5   2.5  -2.2   0.8   30104.   8.3  356.
2018  98 10   2.6   2.5  -2.0   1.2   34074.   8.5  356.
2018  98 11   3.3   3.1  -2.6   1.5   40876.   7.1  355.
2018  98 12   3.8   3.7  -2.4   2.1   44306.   6.1  360.
2018  98 13   4.2   3.9  -2.2   2.5   29226.   6.9  358.
2018  98 14   3.1   2.3  -1.7   1.2   31724.   9.5  352.
2018  98 15   2.7   2.5  -2.5  -0.1   36542.  11.1  350.
2018  98 16   3.6   3.3  -2.1  -1.7   34157.  11.6  352.
2018  98 17   4.1   3.7  -1.6  -3.2   30448.  11.5  350.
2018  98 18   3.1   2.9  -2.5  -1.5   27446.  13.0  350.
2018  98 19   3.2   2.9  -2.3  -1.1   30064.  11.7  346.
2018  98 20   4.1   3.9  -0.6  -3.8   24599.  10.0  354.
2018  98 21   3.4   3.3  -2.0  -1.7   18491.  11.9  347.
2018  98 22   2.5   2.4  -0.9  -2.1   22587.  13.1  348.
2018  98 23   3.4   3.3  -1.1  -3.0   22422.  12.6  353.
2018  99  0   2.3   1.9  -0.3  -0.3   24946.  13.8  356.
2018  99  1   3.5   3.1   2.9  -0.1   37175.  10.7  353.
2018  99  2   4.1   3.1   1.6   0.4   40429.  10.7  361.
2018  99  3   4.8   4.6  -0.1  -1.1   41076.  10.9  371.
2018  99  4   5.4   4.8   2.3   0.7   41948.  10.8  361.
2018  99  5   5.9   5.6   3.5   0.3   39236.  10.6  358.
2018  99  6   6.8   6.4   4.0  -0.4   34408.  10.1  356.
2018  99  7   7.4   7.1   5.5   0.8   27312.   8.1  346.
2018  99  8   7.7   6.9   4.3  -0.2   53998.   8.0  366.
2018  99  9   6.8   6.3   4.2   1.2   65397.   7.5  380.
2018  99 10   7.0   6.7   1.6   2.8   71270.   8.0  400.
2018  99 11   7.7   7.4   3.2   0.6   65037.   7.1  402.
2018  99 12   8.0   7.7   4.7  -0.6   72173.   6.5  409.
2018  99 13   6.8   4.1  -1.0   2.1  148752.   6.2  445.
2018  99 14   7.1   6.8  -0.1   3.9  160680.   6.7  458.
2018  99 15   6.9   6.4   0.8   1.0  166320.   7.4  476.
2018  99 16   6.4   6.0   4.5   0.0  154200.   6.6  466.
2018  99 17   6.7   6.0   4.4  -3.3  141442.   5.7  469.
2018  99 18   6.5   5.4   4.0  -2.2  157419.   6.0  479.
2018  99 19   7.1   6.4   4.7  -1.2  145305.   5.8  471.
2018  99 20   7.7   7.4   5.1  -2.5  120049.   5.9  463.
2018  99 21   7.1   6.8   5.2  -2.3  143667.   6.1  468.
2018  99 22   4.9   4.3   3.9   0.5  188917.   7.1  473.
2018  99 23   5.2   3.9   3.2   1.7  196437.   6.8  470.
2018 100  0   5.1   3.0   1.0   2.8  194243.   7.6  476.
2018 100  1   7.3   6.6  -1.7   5.6  187742.   7.3  488.
2018 100  2   8.0   4.2   0.8   4.0  204946.   6.9  482.
2018 100  3   7.5   6.6   3.2  -2.3  234329.   6.2  476.
2018 100  4   8.0   6.9   4.2  -2.2  268237.   5.5  498.
2018 100  5   8.5   7.5   2.2  -0.8  207282.   5.1  510.
2018 100  6   8.4   7.7   5.2  -0.8  173707.   5.5  495.
2018 100  7   8.0   7.1   1.9  -0.3  186637.   5.8  512.
2018 100  8   7.2   4.9   1.8  -1.0  184308.   5.3  519.
2018 100  9   5.8   2.8   1.2  -2.1  186841.   4.6  535.
2018 100 10   5.3   3.8   2.8  -1.5  198396.   4.6  534.
2018 100 11   4.8   3.5   3.5   0.4  194718.   4.7  530.
2018 100 12   5.4   3.9   3.6  -1.0  164525.   4.6  524.
2018 100 13   6.0   5.6   1.8  -1.7  163235.   3.9  543.
2018 100 14   5.8   5.3   1.4   1.1  159619.   3.7  552.
2018 100 15   4.6   4.2   0.9  -0.8  162409.   3.3  575.
2018 100 16   4.8   4.5  -0.3   0.3  139348.   3.3  587.
2018 100 17   4.9   4.5   2.9   0.2  134632.   3.1  562.
2018 100 18   4.5   4.0   3.2  -2.4  158524.   3.4  571.
2018 100 19   4.6   4.0   3.5  -1.8  178778.   3.8  574.
2018 100 20   5.0   4.1   3.0  -0.5  177719.   4.0  568.
2018 100 21   5.8   4.6   2.1  -1.6  163668.   4.1  567.
2018 100 22   6.1   3.7   1.3  -2.1  166065.   4.2  573.
2018 100 23   6.1   5.3   4.7  -2.3  190575.   4.4  552.
2018 101  0   5.3   4.9   4.7  -0.5  215704.   5.2  559.
2018 101  1   5.2   3.7   3.5   1.2  213700.   5.3  569.
2018 101  2   5.9   2.6   1.8   0.6  194317.   5.0  575.
2018 101  3   5.2   2.8   0.9   0.0  240846.   5.3  580.
2018 101  4   4.9   3.6   1.8  -2.8  255659.   4.7  578.
2018 101  5   5.0   3.7   3.6  -0.1  234094.   4.9  572.
2018 101  6   3.9   3.1   2.5  -1.1  177330.   3.1  587.
2018 101  7   4.2   3.6   1.8  -0.8  154547.   2.9  587.
2018 101  8   4.8   4.2   1.7  -0.4  149339.   2.7  573.
2018 101  9   5.0   4.4  -0.8   1.3  147830.   2.8  585.
2018 101 10   4.7   4.1   2.3  -0.1  153836.   2.8  565.
2018 101 11   4.3   3.5   2.0   1.4  172301.   2.9  561.
2018 101 12   3.9   3.7   3.4   0.7  160497.   2.8  535.
2018 101 13   4.0   3.9   3.7   0.0  140790.   2.6  526.
2018 101 14   3.9   3.8   3.5  -0.1  134726.   2.6  514.
2018 101 15   3.5   2.8   0.6   1.1  127143.   2.7  528.
2018 101 16   3.3   2.9  -0.6   1.1  119777.   2.8  532.
2018 101 17   3.0   2.5   0.5   1.4  115355.   2.7  526.
2018 101 18   2.8   2.5   1.7   1.4  108447.   2.9  518.
2018 101 19   2.6   2.3  -0.1   1.0  100460.   3.0  525.
2018 101 20   2.9   2.8  -1.9  -0.1   79765.   3.6  531.
2018 101 21   3.5   3.1  -1.9  -0.2   70471.   3.4  526.
2018 101 22   3.7   3.6  -2.7   0.7   76736.   3.5  523.
2018 101 23   4.1   3.0   2.4  -1.4  103757.   3.4  517.
2018 102  0   3.8   3.7   3.7  -0.1  140200.   3.3  520.
2018 102  1   4.0   3.7   3.2   0.1  143167.   3.8  516.
2018 102  2   3.1   2.4   2.2  -0.5  131525.   4.0  511.
2018 102  3   3.4   3.2   3.1   0.0  120875.   4.1  500.
2018 102  4   3.7   3.0   1.6  -0.2  131601.   4.2  505.
2018 102  5   4.5   2.9   1.9   1.4  168052.   3.3  528.
2018 102  6   5.2   4.5   3.9  -0.9  175803.   2.9  525.
2018 102  7   4.2   2.6   2.0   1.5  182067.   3.5  528.
2018 102  8   4.1   3.7   3.2  -1.8  177079.   3.3  518.
2018 102  9   4.5   3.2   1.8  -2.5  180213.   3.3  527.
2018 102 10   5.0   4.0   2.1  -1.0  178872.   3.3  524.
2018 102 11   5.1   4.6   0.6  -2.9  159429.   3.0  525.
2018 102 12   4.8   2.3   0.9  -0.8  150120.   3.2  528.
2018 102 13   4.3   1.7   1.6   0.6  163367.   3.1  517.
2018 102 14   5.2   4.8   3.4   0.6  144423.   3.1  498.
2018 102 15   5.0   4.8   3.4  -0.8  127772.   3.1  488.
2018 102 16   5.1   5.0   4.7  -0.3  124539.   2.9  496.
2018 102 17   5.1   4.9   4.5  -1.8  108993.   2.6  496.
2018 102 18   4.8   4.7   4.7  -0.5   88513.   2.3  484.
2018 102 19   4.8   4.6   4.2  -1.6   99043.   2.7  490.
2018 102 20   4.5   4.1   3.5  -1.0   77692.   2.2  486.
2018 102 21   3.9   3.4   1.1  -0.1  127210.   2.8  497.
2018 102 22   4.1   3.8   0.1  -1.0  107410.   2.9  506.
2018 102 23   4.4   3.9   2.2  -1.7   99383.   2.9  486.
2018 103  0   4.0   3.4   0.1  -3.3  112748.   3.6  497.
2018 103  1   4.9   4.8   1.8  -2.7   95456.   2.9  484.
2018 103  2   5.0   4.6   1.9  -1.6   93494.   3.0  473.
2018 103  3   4.5   4.0   1.1   0.1  104875.   3.2  477.
2018 103  4   4.5   4.1   2.8   0.8   98761.   3.4  461.
2018 103  5   4.7   4.1   1.7   1.4   75318.   3.3  467.
2018 103  6   4.9   4.8   2.7  -0.4   82065.   3.2  456.
2018 103  7   4.5   3.9   2.4   0.4   85053.   4.1  452.
2018 103  8   4.3   4.0   3.3   0.1   83220.   4.3  441.
2018 103  9   4.2   3.7   3.0  -1.1   75920.   4.3  438.
2018 103 10   4.5   4.4   3.2  -1.7   60147.   3.6  434.
2018 103 11   4.6   4.4   3.5  -0.1   65031.   3.4  424.
2018 103 12   4.2   3.5   1.8   0.4   52624.   4.2  427.
2018 103 13   4.1   4.0  -2.6   2.7   42701.   4.5  446.
2018 103 14   3.5   1.7  -0.6   1.2   49996.   4.1  428.
2018 103 15   4.0   3.9   3.2   1.5   46937.   3.8  410.
2018 103 16   4.3   4.1   3.8   1.3   54791.   3.9  408.
2018 103 17   5.4   4.6   3.9  -2.1   66070.   4.9  433.
2018 103 18   5.9   5.1   3.4  -3.3   55776.   4.9  434.
2018 103 19   6.3   5.8  -2.1   1.0   51128.   5.6  456.
2018 103 20   5.0   4.0   2.9  -1.6   72860.   4.6  444.
2018 103 21   3.8   3.5   1.1   0.2  122460.   3.9  449.
2018 103 22   3.4   3.2   2.1   0.7   89569.   3.9  445.
2018 103 23   3.6   3.4   3.1   0.4   60279.   3.7  435.
2018 104  0   3.6   3.5   3.1   0.6   50038.   4.0  416.
2018 104  1   3.8   3.8   3.1   0.7   45184.   3.1  416.
2018 104  2   3.1   0.9   0.1  -0.1   46413.   3.8  424.
2018 104  3   3.9   3.5   3.2   1.1   40435.   2.0  393.
2018 104  4   3.3   3.2   3.0   0.3   41379.   2.6  390.
2018 104  5   3.3   3.0   2.9   0.7   47047.   3.0  390.
2018 104  6   3.6   3.6   3.4   0.1   45273.   3.3  386.
2018 104  7   3.7   3.5   3.1   0.6   45377.   3.2  384.
2018 104  8   3.6   3.5   3.3   0.3   49076.   3.3  383.
2018 104  9   3.9   3.7   3.6   0.4   56981.   3.8  385.
2018 104 10   4.5   4.4   4.2   0.9   50839.   4.0  382.
2018 104 11   4.3   4.0   3.7   1.1   63706.   4.6  383.
2018 104 12   4.2   3.6   3.0   1.5   65295.   5.1  386.
2018 104 13   4.9   3.6   2.2   2.2   50716.   5.4  386.
2018 104 14   5.3   4.9   1.3  -0.7   54620.   5.5  385.
2018 104 15   4.2   3.8  -0.4  -2.8   51088.   5.4  388.
2018 104 16   3.8   3.5  -1.1  -1.9   46773.   5.4  390.
2018 104 17   3.9   3.8  -2.6  -1.3   42930.   5.9  393.
2018 104 18   3.8   3.1   0.7   0.3   47682.   5.8  378.
2018 104 19   3.8   3.2   0.4  -1.3   47944.   6.3  378.
2018 104 20   3.8   3.6   2.0  -2.7   47492.   6.3  367.
2018 104 21   3.7   3.1  -1.0  -2.6   46442.   6.1  381.
2018 104 22   4.6   3.7   2.6  -2.1   39936.   4.8  361.
2018 104 23   4.5   4.5   3.7  -1.6   44803.   5.1  353.
2018 105  0   4.0   3.4   2.1  -1.4   45736.   5.8  356.
2018 105  1   3.9   3.6   0.2  -1.7   40185.   6.2  359.
2018 105  2   3.6   3.4   1.9  -0.4   42454.   6.4  350.
2018 105  3   4.6   4.5   3.9  -0.8   39214.   6.0  341.
2018 105  4   4.7   3.1  -1.3  -0.5   27421.   6.6  345.
2018 105  5   4.9   4.9  -3.3   0.0   16130.   6.8  343.
2018 105  6   4.7   4.4   0.9  -1.3   33875.   7.7  337.
2018 105  7   5.0   4.7  -1.8   0.2   31264.   7.2  347.
2018 105  8   5.5   5.4  -2.9   2.3   30718.   6.5  349.
2018 105  9   5.8   5.7  -3.8  -0.2   27361.   7.0  356.
2018 105 10   5.5   5.5  -3.8  -0.7   24760.   7.1  350.
2018 105 11   5.5   5.5  -4.1  -1.0   16898.   6.6  345.
2018 105 12   5.2   5.2  -4.1  -0.3   16736.   6.6  341.
2018 105 13   4.6   4.5  -3.5  -0.4   18130.   6.7  340.
2018 105 14   4.3   4.2  -2.8  -1.7   17698.   6.0  339.
2018 105 15   3.5   1.5   0.7   1.2   26294.   6.0  328.
2018 105 16   3.5   3.0   2.2   2.0   28388.   6.0  322.
2018 105 17   3.4   3.3   0.4  -0.1   23503.   6.1  306.
2018 105 18   3.6   3.6   1.2  -0.6   10202.   6.0  296.
2018 105 19   2.7   2.1   0.7   0.6   14011.   6.8  294.
2018 105 20   2.9   2.8   0.5  -0.5   26839.   6.0  298.
2018 105 21   3.1   3.1   0.3  -1.4   21239.   7.0  298.
2018 105 22   3.4   3.0   0.8  -1.3   19210.   7.0  300.
2018 105 23   4.1   4.1   1.8  -2.1   17994.   6.7  306.
2018 106  0   4.2   3.8   2.5  -1.5   21092.   7.0  308.
2018 106  1   4.1   4.0   4.0  -0.2   23653.   7.3  316.
2018 106  2   4.2   4.2   4.1   0.0   22759.   8.2  314.
2018 106  3   4.2   4.1   4.1  -0.1   27280.   9.4  311.
2018 106  4   3.8   3.6   3.6   0.1   29780.   9.6  310.
2018 106  5   3.3   2.7  -0.2   0.8   28687.  10.5  311.
2018 106  6   4.5   4.3  -1.5   0.3   21467.   8.9  312.
2018 106  7   4.2   4.1  -0.8   0.9   20958.   9.2  308.
2018 106  8   4.2   4.0  -1.7   0.8   15875.   9.0  308.
2018 106  9   4.3   4.2  -2.4   0.4   13830.   8.7  310.
2018 106 10   4.2   4.1  -2.0   1.2   11457.   8.6  306.
2018 106 11   3.8   3.7  -2.5  -0.3   10259.   9.4  307.
2018 106 12   4.0   3.9  -0.5  -0.5   11171.   8.0  304.
2018 106 13   4.1   4.1   1.1   0.0   11810.   7.3  301.
2018 106 14   3.8   3.7   2.0   0.5   16232.   6.4  299.
2018 106 15   3.8   3.8   2.3   0.5   15398.   6.2  297.
2018 106 16   3.8   3.8   3.2   0.7   13507.   5.8  291.
2018 106 17   3.2   3.2   3.0   0.7   13430.   5.8  297.
2018 106 18   2.4   2.4   2.3   0.4   14073.   5.9  306.
2018 106 19   1.6   1.6   1.4   0.0   17029.   5.9  305.
2018 106 20   1.4   0.9   0.5  -0.7   16779.   6.1  304.
2018 106 21   2.5   2.3   0.3  -1.8   13434.   6.4  303.
2018 106 22   3.1   2.9  -0.7  -1.7   14096.   7.1  307.
2018 106 23   3.3   3.0   1.9  -1.1   13700.   7.6  284.
2018 107  0   3.7   3.6   0.9  -0.2   12911.   9.2  283.
2018 107  1   3.5   3.4   1.3   0.3   14558.  10.0  277.
2018 107  2   3.4   3.3   2.2   1.2   13882.   9.0  272.
2018 107  3   4.0   3.8   1.5   0.5   14170.   9.3  288.
2018 107  4   4.5   4.4  -0.3  -1.1   14200.   9.3  292.
2018 107  5   4.7   4.6  -0.1  -1.0   12842.   9.3  290.
2018 107  6   4.7   4.7   1.4   0.9   11537.   8.4  285.
2018 107  7   4.4   4.4   1.3  -0.1   11965.   9.0  287.
2018 107  8   3.7   3.3   3.0   1.3   11104.   8.5  295.
2018 107  9   3.6   3.6   3.1   1.8    9059.   8.7  309.
2018 107 10   2.6   2.0   0.8   0.1   14371.  10.0  308.
2018 107 11   2.1   1.8   0.0  -0.7   14115.  10.5  303.
2018 107 12   3.0   2.6   1.7  -2.0   10464.  10.1  302.
2018 107 13   3.3   2.5   1.1  -1.2   17148.  10.3  294.
2018 107 14   3.4   2.9   2.1  -1.3   17184.  11.9  283.
2018 107 15   3.1   2.8   1.4  -0.9   17099.  12.6  286.
2018 107 16   3.2   3.1   0.7  -0.6   16124.  12.1  286.
2018 107 17   3.4   2.6   1.2  -0.9   14774.  11.7  286.
2018 107 18   3.4   3.1  -0.6   0.7   14992.  10.9  290.
2018 107 19   3.6   3.5  -1.6   0.7   15698.   9.2  300.
2018 107 20   3.4   3.3  -2.2   0.4   16475.   9.0  303.
2018 107 21   2.9   2.5   1.7  -0.4   27009.   9.4  306.
2018 107 22   3.1   2.8   2.4  -1.3   22003.  10.4  304.
2018 107 23   3.7   3.3  -0.8  -0.5   21965.  10.5  313.
2018 108  0   3.6   3.3   0.7  -0.7   21690.  12.2  303.
2018 108  1   4.2   3.9   0.8   1.2   21608.  11.1  302.
2018 108  2   3.1   2.7  -0.1   0.4   22265.  11.8  301.
2018 108  3   3.5   3.3   0.0  -0.6   22691.  12.5  304.
2018 108  4   4.0   3.9   0.2  -0.6   19732.  13.6  293.
2018 108  5   4.2   3.7  -0.4  -0.8   17849.  14.1  295.
2018 108  6   4.3   4.2   0.7  -0.1   19317.  14.3  289.
2018 108  7   4.4   4.4   1.4  -0.7   15910.  14.9  284.
2018 108  8   4.2   4.1   1.3  -0.6   19658.  13.9  287.
2018 108  9   4.0   2.9   2.5  -1.3   21401.  13.4  295.
2018 108 10   4.0   3.4   2.8  -1.8   20381.  15.1  300.
2018 108 11   5.1   4.2   1.4  -1.8   21824.  13.7  304.
2018 108 12   7.0   6.9   5.1  -1.0   26843.  10.1  295.
2018 108 13   7.3   7.2   5.9  -2.0   28111.  10.2  291.
2018 108 14   6.9   6.8   5.8  -3.3   31985.  11.2  290.
2018 108 15   6.0   5.8   3.3  -3.2   34261.  14.7  298.
2018 108 16   6.0   5.9   2.6  -2.5   26809.  12.4  291.
2018 108 17   5.5   5.1   1.1  -1.9   27116.  13.6  294.
2018 108 18   5.7   5.3   0.4   0.3   26136.  11.1  295.
2018 108 19   5.3   4.7   0.5   1.8   26207.  10.9  295.
2018 108 20   4.2   3.9   0.6   3.8   23552.  10.3  291.
2018 108 21   4.0   3.8   2.1   3.1   36019.   6.4  304.
2018 108 22   3.1   2.7   2.2   1.3   39557.   6.9  301.
2018 108 23   3.1   3.0   2.2  -1.4   40192.   6.8  304.
2018 109  0   3.8   3.7   2.7  -1.4   29267.   5.5  305.
2018 109  1   3.7   3.7   2.5  -1.5   25650.   5.5  306.
2018 109  2   3.3   3.2   2.3  -1.3   23159.   6.3  305.
2018 109  3   2.4   2.3   1.2  -1.3   18133.   8.2  298.
2018 109  4   2.5   2.5   0.9  -2.0   18138.   8.2  295.
