337.356649
338.465100
339.641776
340.894694
342.230214
343.653019
345.166158
346.771163
348.468192
350.256199
352.133088
354.095854
356.140679
358.262984
360.457404
362.717703
365.036574
367.405340
369.813501
372.248091
374.692803
377.126794
379.523085
381.846438
384.050607
386.074820
387.839493
389.241295
390.148113
390.395174
389.784779
388.093755
385.094436
380.595251
374.503060
366.897823
358.091298
348.626327
339.184095
330.416284
322.777764
316.444320
311.341566
307.242502
303.871203
300.975257
298.361306
295.903933
293.539801
291.255122
289.070825
287.027757
285.173440
283.551568
282.194999
281.122419
280.338155
279.834226
279.593532
279.593284
279.808045
280.212085
280.780986
281.492595
282.327461
283.268921
284.302961
285.417962
286.604391
287.854481
289.161941
290.521685
291.929610
293.382397
294.877358
296.412301
297.985431
299.595261
301.240547
302.920236
304.633426
306.379329
308.157247
309.966554
311.806677
313.677085
315.577280
317.506787
319.465147
321.451917
323.466658
325.508940
327.578331
329.674400
331.796711
333.944824
336.118288
338.316647
340.539429
342.786150
345.056310
347.349390
349.664852
352.002136
354.360655
356.739795
359.138913
361.557331
363.994335
366.449170
368.921039
371.409099
373.912453
376.430151
378.961187
381.504489
384.058924
386.623289
389.196311
391.776649
394.362889
396.953549
399.547082
402.141883
404.736297
407.328633
409.917178
412.500220
415.076071
417.643096
420.199751
422.744616
425.276442
427.794195
430.297106
432.784716
435.256924
437.714034
440.156786
442.586388
445.004533
447.413398
449.815635
452.214334
454.612983
457.015393
459.425619
461.847866
464.286379
466.745335
469.228724
471.740246
474.283205
476.860418
479.474141
482.126015
484.817022
487.547466
490.316970
493.124492
495.968350
498.846257
501.755375
504.692359
507.653415
510.634348
513.630615
516.637369
519.649486
522.661602
525.668117
528.663204
531.640796
534.594562
537.517876
540.403769
543.244876
546.033375
548.760928
551.418612
553.996867
556.485438
558.873334
561.148777
563.299155
565.310936
567.169515
568.858916
570.361225
571.655543
572.716083
573.508766
573.985193
574.072025
573.652371
572.533482
570.391684
566.681831
560.498845
550.397316
534.249673
509.421817
473.871542
428.721583
380.902933
341.010045
315.284752
301.934018
295.940993
293.490713
292.584484
292.324231
292.330008
292.444963
292.606086
292.790219
292.991675
293.212795
293.459783
293.740714
294.064457
294.440000
294.875978
295.380329
295.960040
296.620986
297.367835
298.204029
299.131826
300.152379
301.265858
302.471587
303.768194
305.153756
306.625941
308.182133
309.819544
311.535307
313.326557
315.190483
317.124383
319.125688
321.191991
323.321056
325.510821
327.759402
330.065085
332.426315
334.841688
337.309935
339.829907
342.400561
345.020938
347.690150
350.407358
353.171755
355.982544
358.838915
361.740027
364.684978
367.672780
370.702332
373.772382
376.881495
380.028007
383.209978
386.425138
389.670817
392.943874
396.240603
399.556629
402.886782
406.224945
409.563883
412.895026
416.208228
419.491477
422.730562
425.908696
429.006097
431.999540
434.861906
437.561779
440.063141
442.325305
444.303210
445.948289
447.210154
448.039339
448.391308
448.231772
447.543075
446.330962
444.630537
442.509816
440.069178
437.435613
434.751812
432.161713
429.795378
427.756427
426.114439
424.903156
424.123663
423.750694
423.739988
424.035053
424.572404
425.284966
426.103806
426.958588
427.777233
428.485311
429.005665
429.258816
429.164697
428.646250
427.635303
426.080759
423.958498
421.281411
418.106929
414.538799
410.720279
406.817925
402.998221
399.402269
396.124832
393.202508
390.612497
388.280158
386.091926
383.910370
381.589605
378.990746
375.997868
372.534651
368.580465
364.182638
359.459967
354.592798
349.798327
345.295460
341.268891
337.843109
335.072853
332.949567
331.418036
330.395927
329.790834
329.512362
329.479171
329.622088
329.884666
330.222351
330.601037
330.995506
331.387965
331.766783
332.125425
332.461568
332.776339
333.073658
333.359640
333.642043
333.929765
334.232373
334.559693
334.921446
335.326951
335.784900
336.303183
336.888788
337.547731
338.285045
339.104775
340.010004
341.002883
342.084662
343.255722
344.515601
345.863015
347.295878
348.811299
350.405584
352.074210
353.811784
355.611973
357.467398
359.369479
361.308230
363.271966
365.246944
367.216885
369.162394
371.060251
372.882598
374.596026
376.160656
377.529327
378.647131
379.451630
379.874275
379.843662
379.291319
378.160562
376.418355
374.069057
371.167289
367.825709
364.212962
360.538864
357.027974
353.887798
351.280752
349.307780
348.006543
347.361577
347.320661
347.811692
348.756411
350.079681
351.714644
353.604783
355.704035
357.975836
360.391717
362.929840
365.573624
368.310584
371.131362
374.028967
376.998175
380.035071
383.136697
386.300792
389.525594
392.809688
396.151895
399.551195
403.006656
406.517387
410.082504
413.701097
417.372206
421.094798
424.867753
428.689840
432.559706
436.475852
440.436621
444.440168
448.484440
452.567140
456.685688
460.837162
465.018222
469.225004
473.452964
477.696657
481.949407
486.202822
490.446070
494.664785
498.839410
502.942680
506.935763
510.762351
514.339597
517.544264
520.191823
522.005559
522.572953
521.289292
517.298370
509.465416
496.467949
477.155828
451.320165
420.690311
389.253351
361.780135
341.225344
327.601971
319.162170
314.005933
310.789487
308.731718
307.419730
306.641279
306.282894
306.276666
306.575022
307.139741
307.937646
308.939123
310.117708
311.449968
312.915397
314.496255
316.177339
317.945721
319.790480
321.702425
323.673853
325.698316
327.770427
329.885677
332.040291
334.231087
336.455372
338.710838
340.995478
343.307510
345.645311
348.007358
350.392168
352.798253
355.224067
357.667966
360.128162
362.602685
365.089351
367.585727
370.089107
372.596493
375.104591
377.609814
380.108299
382.595952
385.068505
387.521605
389.950931
392.352341
394.722047
397.056822
399.354230
401.612870
403.832624
406.014889
408.162780
410.281270
412.377266
414.459579
416.538792
418.627021
420.737565
422.884471
425.082040
427.344304
429.684520
432.114705
434.645250
437.284627
440.039210
442.913187
445.908575
449.025307
452.261368
455.612967
459.074716
462.639801
466.300132
470.046457
473.868439
477.754676
481.692680
485.668793
489.668039
493.673898
497.667988
501.629619
505.535185
509.357316
513.063718
516.615551
519.965188
523.053135
525.803840
528.120146
529.876215
530.909069
531.009619
529.915433
527.309915
522.835959
516.135541
506.926698
495.119239
480.943126
465.023097
448.312101
431.846474
416.411063
402.298552
389.296550
376.882060
364.503130
351.836313
338.949431
326.315744
314.652446
304.641048
296.679673
290.801093
286.759629
284.184578
282.704241
282.008797
281.865547
282.110195
282.630818
283.352549
284.225570
285.216537
286.302767
287.468415
288.701992
289.994784
291.339826
292.731255
294.163885
295.632934
297.133839
298.662128
300.213339
301.782953
303.366352
304.958784
306.555346
308.150978
309.740463
311.318448
312.879484
314.418077
315.928770
317.406248
318.845465
320.241805
321.591267
322.890663
324.137840
325.331898
326.473391
327.564508
328.609192
329.613194
330.584044
331.530924
332.464434
333.396279
334.338876
335.304908
336.306874
