356.992838
358.891821
360.726265
362.485974
364.160281
365.738307
367.209327
368.563264
369.791295
370.886588
371.845121
372.666542
373.354990
373.919771
374.375782
374.743555
375.048850
375.321761
375.595362
375.904021
376.281551
376.759415
377.365196
378.121478
379.045237
380.147736
381.434859
382.907775
384.563795
386.397305
388.400670
390.565050
392.881081
395.339408
397.931084
400.647839
403.482247
406.427812
409.478986
412.631148
415.880550
419.224242
422.659986
426.186168
429.801700
433.505932
437.298560
441.179540
445.149006
449.207187
453.354333
457.590634
461.916148
466.330722
470.833910
475.424894
480.102393
484.864563
489.708888
494.632064
499.629857
504.696949
509.826765
515.011269
520.240740
525.503520
530.785730
536.070969
541.339985
546.570340
551.736085
556.807459
561.750669
566.527775
571.096761
575.411862
579.424207
583.082880
586.336407
589.134660
591.431063
593.184820
594.362742
594.940111
594.899916
594.229893
592.917140
590.940573
588.262344
584.820088
580.522530
575.250958
568.867794
561.230116
552.199496
541.629932
529.305687
514.799195
497.244583
475.111928
446.281916
409.058086
364.686779
319.869433
284.241201
262.439530
251.647753
246.947346
245.032710
244.298157
244.057788
244.031142
244.104500
244.231546
244.393322
244.582140
244.795047
245.031116
245.290289
245.572863
245.879237
246.209782
246.564767
246.944310
247.348343
247.776594
248.228571
248.703557
249.200605
249.718543
250.255984
250.811331
251.382799
251.968428
252.566105
253.173593
253.788556
254.408598
255.031292
255.654235
256.275088
256.891636
257.501846
258.103931
258.696424
259.278241
259.848757
260.407866
260.956045
261.494390
262.024655
262.549249
263.071226
263.594239
264.122470
264.660535
265.213366
265.786077
266.383820
267.011641
267.674344
268.376358
269.121639
269.913585
270.754979
271.647958
272.594010
273.593980
274.648105
275.756046
276.916934
278.129413
279.391676
280.701492
282.056222
283.452817
284.887789
286.357171
287.856431
289.380370
290.922961
292.477156
294.034627
295.585436
297.117636
298.616768
300.065257
301.441708
302.720097
303.868905
304.850260
305.619251
306.123647
306.304402
306.097497
305.437772
304.265400
302.535397
300.229756
297.370457
294.029940
290.334362
286.455475
282.590050
278.930865
275.637690
272.817279
270.517396
268.733893
267.425531
266.530432
265.979837
265.707482
265.654723
265.772512
266.021380
266.370403
266.795777
267.279381
267.807493
268.369730
268.958219
269.566967
270.191392
270.827995
271.474113
272.127759
272.787505
273.452403
274.121926
274.795935
275.474637
276.158570
276.848570
277.545750
278.251474
278.967326
279.695086
280.436689
281.194199
281.969763
282.765581
283.583861
284.426785
285.296470
286.194927
287.124035
288.085504
289.080851
290.111374
291.178136
292.281952
293.423376
294.602700
295.819954
297.074913
298.367099
299.695805
301.060101
302.458860
303.890777
305.354396
306.848135
308.370316
309.919198
311.493009
313.089982
314.708391
316.346594
318.003069
319.676458
321.365609
323.069615
324.787854
326.520029
328.266197
330.026796
331.802664
333.595051
335.405621
337.236434
339.089934
340.968906
342.876439
344.815865
346.790706
348.804596
350.861221
352.964242
355.117229
357.323602
359.586572
361.909097
364.293844
366.743168
369.259091
371.843299
374.497144
377.221652
380.017536
382.885217
385.824839
388.836290
391.919215
395.073039
398.296967
401.589995
404.950906
408.378261
411.870385
415.425339
419.040888
422.714456
426.443072
430.223306
434.051193
437.922146
441.830857
445.771194
449.736084
453.717396
457.705827
461.690794
465.660348
469.601126
473.498354
477.335931
481.096616
484.762356
488.314786
491.735914
495.009034
498.119838
501.057704
503.817097
506.398941
508.811816
511.072787
513.207658
515.250498
517.242361
519.229239
521.259415
523.380513
525.636576
528.065547
530.697393
533.553051
536.644184
539.973652
543.536517
547.321357
551.311702
555.487427
559.825990
564.303466
568.895341
573.577092
578.324553
583.114124
587.922829
592.728262
597.508449
602.241622
606.905947
611.479187
615.938339
620.259244
624.416203
628.381628
632.125793
635.616750
638.820514
641.701632
644.224277
646.353981
648.060103
649.319026
650.117937
650.458836
650.362207
649.869567
649.044050
647.968314
646.739474
645.461359
644.235094
643.149531
642.273158
641.648862
641.292249
641.193518
641.322232
641.634025
642.078175
642.605080
643.172893
643.752677
644.331680
644.914416
645.521458
646.186080
646.949145
647.852871
648.934252
650.218866
651.715645
653.412862
655.275293
657.242282
659.226319
661.111824
662.754089
663.978721
664.582507
664.337251
662.998747
660.323146
656.092104
650.145262
642.413470
632.939714
621.870612
609.405734
595.709178
580.814836
564.580559
546.750835
527.159725
506.035335
484.256837
463.332572
444.967488
430.419497
420.091253
413.602410
410.163808
408.935548
409.218522
410.502297
412.441791
414.814496
417.481323
420.357276
423.391439
426.553923
429.827573
433.202741
436.673987
440.237952
443.891903
447.632607
451.455241
455.352054
459.310373
463.309333
467.314212
471.266456
475.065856
478.538671
481.380919
483.059494
482.647744
478.580370
468.382409
448.676538
416.328717
371.908731
323.968097
286.110669
264.772834
255.766801
252.827138
252.312714
252.696496
253.416006
254.274532
255.204757
256.183795
257.203772
258.261826
259.356744
260.487846
261.654624
262.856617
264.093383
265.364482
266.669479
268.007944
269.379453
270.783586
272.219934
273.688093
275.187667
276.718265
278.279504
279.871003
281.492383
283.143265
284.823268
286.532003
288.269074
290.034071
291.826566
293.646111
295.492230
297.364415
299.262122
301.184762
303.131697
305.102230
307.095604
309.110987
311.147472
313.204063
315.279673
317.373116
319.483099
321.608220
323.746963
325.897694
328.058669
330.228032
332.403824
334.584001
336.766447
338.949002
341.129497
343.305788
345.475813
347.637645
349.789561
351.930112
354.058207
356.173194
358.274946
360.363937
362.441322
364.508990
366.569608
368.626636
370.684323
372.747656
374.822299
376.914479
379.030861
381.178393
383.364136
385.595089
387.878015
390.219279
392.624707
395.099462
397.647954
400.273779
402.979688
405.767574
408.638492
411.592690
414.629653
417.748149
420.946286
424.221557
427.570882
430.990637
434.476677
438.024343
441.628448
445.283260
448.982459
452.719087
456.485476
460.273169
464.072819
467.874083
471.665495
475.434339
479.166502
482.846319
486.456404
489.977459
493.388027
496.664162
499.778891
502.701292
505.394786
507.813921
509.898258
511.560792
512.666255
512.991174
512.152350
509.484734
503.851021
493.400483
475.436063
446.912793
406.555956
358.753780
314.816294
285.107672
270.192484
264.383642
262.790858
262.918785
263.728036
264.816948
266.033507
267.319921
268.653695
270.025635
271.431631
272.869567
274.338141
275.836406
277.363592
278.919029
280.502109
282.112275
283.749007
285.411814
287.100235
288.813825
290.552157
292.314817
294.101394
295.911484
297.744676
299.600557
301.478696
303.378649
305.299945
307.242085
309.204529
311.186694
313.187942
315.207569
317.244794
319.298749
321.368458
323.452825
325.550613
327.660421
329.780659
331.909518
334.044937
336.184569
338.325732
340.465370
342.599996
344.725639
346.837786
348.931322
351.000470
353.038736
355.038871
