293.926992
294.922660
295.940815
296.981992
298.046439
299.134002
300.243993
301.375067
302.525077
303.690931
304.868439
306.052145
307.235150
308.408920
309.563073
310.685151
311.760390
312.771483
313.698368
314.518073
315.204659
315.729338
316.060848
316.166195
316.011881
315.565714
314.799264
313.690927
312.229380
310.417028
308.272817
305.833670
303.153831
300.301749
297.354671
294.391760
291.487061
288.703692
286.090291
283.680042
281.491946
279.533513
277.803976
276.297301
275.004552
273.915495
273.019523
272.306076
271.764766
271.385367
271.157770
271.071976
271.118124
271.286569
271.567966
271.953367
272.434306
273.002855
273.651662
274.373963
275.163571
276.014851
276.922676
277.882384
278.889723
279.940800
281.032021
282.160048
283.321745
284.514136
285.734362
286.979650
288.247274
289.534536
290.838732
292.157143
293.487014
294.825544
296.169881
297.517120
298.864306
300.208442
301.546505
302.875461
304.192297
305.494044
306.777822
308.040880
309.280642
310.494761
311.681172
312.838151
313.964365
315.058923
316.121420
317.151968
318.151215
319.120346
320.061062
320.975543
321.866377
322.736476
323.588959
324.427024
325.253792
326.072147
326.884562
327.692924
328.498367
329.301108
330.100301
330.893919
331.678654
332.449863
333.201554
333.926426
334.615980
335.260704
335.850362
336.374377
336.822345
337.184656
337.453236
337.622361
337.689504
337.656139
337.528400
337.317501
337.039789
336.716383
336.372351
336.035466
335.734676
335.498423
335.353041
335.321403
335.421960
335.668249
336.068849
336.627732
337.344890
338.217111
339.238811
340.402818
341.701053
343.125094
344.666593
346.317569
348.070598
349.918902
351.856386
353.877613
355.977756
358.152527
360.398098
362.711012
365.088108
367.526431
370.023161
372.575532
375.180769
377.836006
380.538220
383.284151
386.070217
388.892424
391.746251
394.626529
397.527290
400.441588
403.361289
406.276814
409.176835
412.047914
414.874084
417.636355
420.312169
422.874794
425.292721
427.529091
429.541282
431.280808
432.693763
433.722122
434.306280
434.389214
433.922539
432.874429
431.238809
429.044409
426.361472
423.303416
420.021196
416.689722
413.488203
410.578665
408.087849
406.096541
404.637763
403.702430
403.249385
403.216570
403.530942
404.115987
404.896648
405.802118
406.767126
407.732367
408.644597
409.456773
410.128498
410.626878
410.927826
411.017677
410.894888
410.571475
410.073753
409.441970
408.728529
407.994753
407.306427
406.728702
406.321090
406.133319
406.202580
406.552420
407.193160
408.123470
409.332641
410.803073
412.512626
414.436605
416.549275
418.824911
421.238413
423.765586
426.383150
429.068561
431.799698
434.554465
437.310347
440.043940
442.730486
445.343443
447.854116
450.231400
452.441686
454.449027
456.215634
457.702826
458.872550
459.689537
460.124130
460.155694
459.776349
458.994592
457.838146
456.355322
454.614204
452.699286
450.705704
448.731793
446.871181
445.205795
443.800926
442.702925
441.939476
441.521859
441.448357
441.707979
442.283878
443.156087
444.303468
445.704902
447.339873
449.188598
451.231872
453.450728
455.826012
458.337917
460.965488
463.686116
466.474989
469.304510
472.143638
474.957164
477.704918
480.340932
482.812616
485.060077
487.015756
488.604678
489.745726
490.354457
490.348028
489.652740
488.214319
486.010373
483.063270
479.450451
475.308215
470.825377
466.225366
461.739047
457.574368
453.890612
450.783418
448.282677
446.361074
444.948554
443.947953
443.248531
442.736030
442.299376
441.834897
441.249151
440.461326
439.405919
438.035949
436.326629
434.278900
431.921893
429.313174
426.535743
423.691333
420.890480
418.240832
415.835821
413.745804
412.013084
410.651098
409.647026
408.966518
408.559099
408.363181
408.310052
408.326656
408.337328
408.264846
408.031272
407.559133
406.773510
405.605558
403.997858
401.911623
399.335223
396.292633
392.849553
389.114476
385.232445
381.370954
377.700068
374.371255
371.500217
369.157638
367.368903
366.120997
365.373254
365.068671
365.143549
365.534477
366.182647
367.035989
368.049780
369.186299
370.413973
371.706299
373.040729
374.397589
375.759078
377.108345
378.428619
379.702366
380.910430
382.031125
383.039221
383.904805
384.591970
385.057367
385.248653
385.103022
384.546159
383.492176
381.845471
379.505739
376.377575
372.385824
367.496558
361.740946
355.235564
348.189489
340.888966
333.657189
326.798511
320.546106
315.031918
310.286511
306.262545
302.868053
299.997050
297.550946
295.449840
293.635829
292.071261
290.734443
289.614574
288.707025
288.009546
287.519613
287.232888
287.142601
287.239602
287.512819
287.949900
288.537881
289.263779
290.115050
291.079919
292.147577
293.308274
294.553336
295.875123
297.266959
298.723032
300.238305
301.808410
303.429557
305.098451
306.812216
308.568325
310.364549
312.198902
314.069599
315.975021
317.913683
319.884202
321.885271
323.915639
325.974083
328.059388
330.170323
332.305617
334.463932
336.643836
338.843774
341.062027
343.296680
345.545572
347.806247
350.075895
352.351291
354.628712
356.903862
359.171776
361.426719
363.662076
365.870244
368.042515
370.168974
372.238413
374.238274
376.154657
377.972394
379.675244
381.246232
382.668173
383.924418
384.999831
385.882015
386.562720
387.039361
387.316473
387.406907
387.332513
387.124087
386.820392
386.466252
386.109820
385.799350
385.579901
385.490407
385.561521
385.814421
386.260613
386.902599
387.735145
388.746887
389.922009
391.241816
392.686093
394.234194
395.865862
397.561834
399.304248
401.076926
402.865555
404.657818
406.443482
408.214468
409.964900
411.691134
413.391753
415.067524
416.721298
418.357851
419.983647
421.606547
423.235444
424.879864
426.549536
428.253964
430.002030
431.801638
433.659425
435.580558
437.568603
439.625471
441.751444
443.945237
446.204110
448.523996
450.899632
453.324682
455.791839
458.292901
460.818816
463.359691
465.904777
468.442429
470.960054
473.444056
475.879803
478.251633
480.542928
482.736287
484.813824
486.757637
488.550461
490.176530
491.622632
492.879322
493.942212
494.813207
495.501518
496.024249
496.406363
496.679868
496.882154
497.053529
497.234133
497.460519
497.762201
498.158494
498.655803
499.245405
499.901596
500.579915
501.215081
501.718245
501.973213
501.831487
501.106369
499.567205
496.936264
492.893137
487.094689
479.221390
469.059566
456.617254
442.242879
426.678457
410.967641
396.200490
383.198257
372.309839
363.413540
356.069456
349.700894
343.726165
337.632134
331.016758
323.627974
315.408226
306.529988
297.388882
288.524652
280.478113
273.643020
268.185452
264.058210
261.077670
259.009301
257.627839
256.746170
256.221910
255.952649
255.867420
255.918217
256.073019
256.310545
256.616530
256.981169
257.397404
257.859812
258.363891
258.905622
259.481212
260.086944
260.719113
261.373997
262.047868
262.737006
263.437736
264.146462
264.859710
265.574171
266.286744
266.994587
267.695160
268.386274
269.066136
269.733387
270.387142
271.027015
271.653133
272.266140
272.867183
273.457882
274.040280
274.616780
275.190062
275.762994
276.338533
276.919622
277.509095
278.109586
278.723455
279.352730
279.999072
280.663754
281.347672
282.051369
282.775075
283.518767
284.282230
285.065135
285.867104
286.687782
287.526895
288.384304
289.260034
290.154298
291.067495
292.000195
292.953100
