273.451201
273.361088
273.408351
273.559083
273.782730
274.052549
274.345807
274.643840
274.932037
275.199803
275.440494
275.651323
275.833203
275.990506
276.130699
276.263853
276.402033
276.558578
276.747342
276.981929
277.274997
277.637681
278.079174
278.606487
279.224379
279.935439
280.740292
281.637875
282.625760
283.700482
284.857850
286.093222
287.401740
288.778513
290.218760
291.717911
293.271670
294.876058
296.527424
298.222448
299.958130
301.731764
303.540923
305.383420
307.257287
309.160746
311.092176
313.050092
315.033115
317.039952
319.069373
321.120188
323.191230
325.281333
327.389316
329.513965
331.654011
333.808117
335.974852
338.152675
340.339908
342.534713
344.735065
346.938713
349.143149
351.345562
353.542784
355.731240
357.906867
360.065048
362.200509
364.307221
366.378283
368.405792
370.380709
372.292725
374.130133
375.879731
377.526775
379.055011
380.446847
381.683684
382.746504
383.616734
384.277462
384.714987
384.920684
384.893045
384.639666
384.178875
383.540598
382.766092
381.906282
381.018660
380.162995
379.396385
378.768337
378.316541
378.063801
378.016262
378.162720
378.474575
378.905849
379.392694
379.851964
380.178641
380.242268
379.883150
378.910059
377.102691
374.224051
370.049520
364.418484
357.307262
348.905693
339.658060
330.220922
321.321346
313.565944
307.298219
302.572099
299.227905
297.004115
295.627852
294.864645
294.534731
294.510514
294.706577
295.068595
295.563759
296.173388
296.887599
297.701615
298.613309
299.621643
300.725732
301.924331
303.215615
304.597126
306.065833
307.618242
309.250526
310.958653
312.738497
314.585933
316.496904
318.467468
320.493823
322.572318
324.699446
326.871822
329.086159
331.339228
333.627813
335.948658
338.298414
340.673568
343.070377
345.484784
347.912333
350.348066
352.786418
355.221087
357.644904
360.049676
362.426024
364.763208
367.048947
369.269247
371.408239
373.448079
375.368905
377.148925
378.764685
380.191581
381.404686
382.379982
383.096022
383.536030
383.690354
383.559067
383.154385
382.502444
381.643949
380.633250
379.535638
378.423021
377.368500
376.440700
375.698801
375.189029
374.943014
374.978002
375.298514
375.898909
376.766272
377.883171
379.229991
380.786735
382.534270
384.455097
386.533745
388.756885
391.113268
393.593542
396.190023
398.896436
401.707664
404.619518
407.628519
410.731716
413.926522
417.210565
420.581567
424.037210
427.575026
431.192262
434.885743
438.651698
442.485550
446.381655
450.332951
454.330506
458.362908
462.415458
466.469072
470.498794
474.471770
478.344471
482.058890
485.537330
488.675305
491.331983
493.317676
494.378223
494.177362
492.281045
488.153580
481.185542
470.785989
456.575463
438.683215
418.047415
396.470902
376.187937
359.054644
345.919952
336.618724
330.424588
326.511479
324.193841
322.979184
322.536669
322.648886
323.172117
324.009229
325.092588
326.373589
327.816245
329.393189
331.083115
332.869087
334.737402
336.676793
338.677867
340.732707
342.834574
344.977691
347.157093
349.368503
351.608254
353.873229
356.160826
358.468928
360.795896
363.140565
365.502246
367.880734
370.276313
372.689761
375.122355
377.575860
380.052520
382.555031
385.086510
387.650443
390.250633
392.891127
395.576140
398.309969
401.096899
403.941108
406.846573
409.816969
412.855571
415.965162
419.147929
422.405362
425.738142
429.146007
432.627591
436.180227
439.799672
443.479749
447.211856
450.984272
454.781204
458.581411
462.356258
466.066882
469.660053
473.062062
476.169655
478.836551
480.853608
481.920373
481.606567
479.306107
474.198459
465.259833
451.414578
431.958178
407.302196
379.697598
353.027022
331.086760
315.605795
305.979121
300.533835
297.691319
296.366100
295.912811
295.971730
296.346063
296.927033
297.652630
298.485819
299.403129
300.388637
301.430726
302.520299
303.649778
304.812535
306.002577
307.214377
308.442804
309.683107
310.930942
312.182428
313.434209
314.683535
315.928344
317.167339
318.400053
319.626908
320.849244
322.069321
323.290299
324.516174
325.751685
327.002187
328.273498
329.571722
330.903068
332.273655
333.689343
335.155565
336.677197
338.258452
339.902810
341.612984
343.390911
345.237774
347.154043
349.139534
351.193475
353.314576
355.501100
357.750927
360.061615
362.430448
364.854480
367.330563
369.855370
372.425412
375.037043
377.686469
380.369740
383.082756
385.821269
388.580882
391.357067
394.145183
396.940507
399.738286
402.533796
405.322426
408.099782
410.861808
413.604928
416.326203
419.023495
421.695644
424.342625
426.965699
429.567521
432.152211
434.725367
437.294004
439.866428
442.452031
445.061020
447.704092
450.392067
453.135505
455.944326
458.827458
461.792528
464.845599
467.990981
471.231086
474.566350
477.995186
481.513964
485.117005
488.796571
492.542832
496.343811
500.185292
504.050694
507.920927
511.774230
515.586039
519.328915
522.972601
526.484287
529.829174
532.971465
535.875867
538.509710
540.845697
542.865183
544.561749
545.944614
547.041239
547.898368
548.580753
549.167053
549.742770
550.390573
551.178684
552.148015
553.298256
554.572232
555.836705
556.856800
557.261188
556.497584
553.786447
548.100904
538.238960
523.101699
502.286107
476.892525
449.950833
425.591838
407.063064
395.289067
389.220449
387.119808
387.472724
389.248550
391.828676
394.866238
398.174134
401.653849
405.254435
408.950003
412.727691
416.581343
420.508210
424.507244
428.578216
432.721255
436.936600
441.224472
445.584981
450.018073
454.523479
459.100666
463.748790
468.466637
473.252565
478.104428
483.019496
487.994359
493.024817
498.105758
503.231011
508.393185
513.583480
518.791483
524.004927
529.209431
534.388213
539.521781
544.587596
549.559738
554.408556
559.100356
563.597130
567.856377
571.831070
575.469843
578.717487
581.515866
583.805388
585.527143
586.625828
587.053476
586.773909
585.767596
584.036328
581.606820
578.532059
574.889179
570.772897
566.284220
561.515111
556.530869
551.352789
545.944033
540.201668
533.957845
526.993378
519.067383
509.965718
499.566548
487.911056
475.252734
462.049234
448.872537
436.253342
424.522347
413.723092
403.632383
393.869271
384.045396
373.912482
363.471425
353.007810
343.026075
334.092130
326.651040
320.909569
316.828967
314.200969
312.745518
312.185135
312.283677
312.857509
313.771677
314.930453
316.267355
317.736679
319.307024
320.956618
322.670053
324.436046
326.245934
328.092645
329.970012
331.872299
333.793874
335.728976
337.671541
339.615068
341.552519
343.476227
345.377825
347.248185
349.077359
350.854541
352.568014
354.205114
355.752174
357.194458
358.516055
359.699721
360.726656
361.576176
362.225290
362.648192
362.815714
362.694875
362.248748
361.436958
360.217308
358.549047
356.398275
353.745689
350.596207
346.988949
343.004900
338.768769
334.442041
330.206458
326.240717
322.696365
319.679681
317.243997
315.392815
314.090519
313.276083
312.875950
312.813890
313.017360
313.420810
313.966790
314.605722
315.294948
315.997524
316.681018
317.316439
317.877392
318.339460
318.679816
318.877064
318.911256
318.764064
318.419068
317.862077
317.081462
316.068439
314.817287
313.325542
311.594249
309.628386
307.437629
305.037524
302.451031
299.710190
296.857408
293.945742
291.037538
288.201099
285.505592
283.014954
280.782034
278.844164
277.220992
275.914770
274.912636
274.190129
273.715075
