286.342197
285.798979
285.570802
285.611694
285.878164
286.331515
286.938777
287.672727
288.511400
289.437355
290.436896
291.499325
292.616298
293.781279
294.989098
296.235607
297.517410
298.831657
300.175887
301.547911
302.945719
304.367415
305.811157
307.275117
308.757444
310.256226
311.769467
313.295053
314.830724
316.374051
317.922403
319.472920
321.022482
322.567684
324.104803
325.629772
327.138153
328.625112
330.085403
331.513355
332.902869
334.247434
335.540154
336.773802
337.940905
339.033863
340.045111
340.967326
341.793692
342.518204
343.136033
343.643913
344.040551
344.327025
344.507123
344.587614
344.578365
344.492302
344.345178
344.155133
343.942074
343.726917
343.530741
343.373947
343.275468
343.252133
343.318191
343.485039
343.761138
344.152088
344.660841
345.287976
346.032028
346.889815
347.856738
348.927047
350.094051
351.350289
352.687642
354.097409
355.570349
357.096698
358.666159
360.267898
361.890520
363.522067
365.150024
366.761358
368.342596
369.879960
371.359565
372.767711
374.091257
375.318107
376.437783
377.442086
378.325798
379.087372
379.729545
380.259779
380.690435
381.038612
381.325592
381.575898
381.816017
382.072902
382.372421
382.737900
383.188938
383.740602
384.403041
385.181530
386.076873
387.086082
388.203213
389.420286
390.728177
392.117450
393.579062
395.104940
396.688400
398.324425
400.009790
401.743047
403.524385
405.355381
407.238646
409.177404
411.175022
413.234501
415.357967
417.546162
419.797953
422.109856
424.475565
426.885471
429.326148
431.779770
434.223425
436.628302
438.958714
441.170969
443.212115
445.018672
446.515564
447.615655
448.220485
448.223142
447.514413
445.993447
443.583750
440.254035
436.041094
431.068726
425.554259
419.794851
414.131301
408.896630
404.364943
400.717050
398.031568
396.298945
395.448249
395.375677
395.967570
397.115463
398.723926
400.713248
403.019075
405.590561
408.388037
411.380726
414.544751
417.861500
421.316331
424.897576
428.595776
432.403100
436.312899
440.319366
444.417266
448.601719
452.868023
457.211507
461.627394
466.110690
470.656067
475.257768
479.909503
484.604362
489.334726
494.092192
498.867503
503.650505
508.430117
513.194343
517.930318
522.624412
527.262401
531.829708
536.311744
540.694331
544.964227
549.109730
553.121351
556.992503
560.720160
564.305420
567.753876
571.075722
574.285512
577.401502
580.444558
583.436626
586.398786
589.348959
592.299290
595.253224
598.202204
601.121839
603.967244
606.667163
609.116414
611.166198
612.612221
613.181397
612.519952
610.189367
605.682467
598.478793
588.161297
574.602976
558.186619
539.945495
521.467089
504.491964
490.374372
479.729403
472.451215
467.992522
465.671482
464.866664
465.091532
465.995823
467.337805
468.951779
470.720143
472.551664
474.364639
476.072782
477.571619
478.723226
479.337297
479.146875
477.778555
474.720986
469.305150
460.728525
448.182313
431.155278
409.924733
386.019593
362.145291
341.205626
324.974872
313.579871
306.067405
301.245863
298.155138
296.157951
294.869174
294.063599
293.607675
293.417897
293.437818
293.626048
293.950196
294.383817
294.904813
295.494516
296.137072
296.818973
297.528662
298.256186
298.992893
299.731162
300.464167
301.185683
301.889912
302.571351
303.224694
303.844763
304.426488
304.964924
305.455321
305.893249
306.274776
306.596708
306.856869
307.054430
307.190242
307.267168
307.290344
307.267368
307.208330
307.125693
307.033968
306.949213
306.888372
306.868501
306.905966
307.015667
307.210387
307.500285
307.892596
308.391522
308.998294
309.711375
310.526757
311.438293
312.438046
313.516594
314.663299
315.866503
317.113667
318.391445
319.685707
320.981527
322.263150
323.513957
324.716466
325.852379
326.902735
327.848184
328.669444
329.347966
329.866833
330.211908
330.373180
330.346231
330.133663
329.746289
329.203822
328.534833
327.775797
326.969191
326.160802
325.396550
324.719289
324.166049
323.766074
323.539868
323.499211
323.647991
323.983560
324.498330
325.181367
326.019810
327.000023
328.108452
329.332218
330.659461
332.079521
333.582979
335.161615
336.808309
338.516920
340.282154
342.099430
343.964766
345.874662
347.826014
349.816029
351.842160
353.902053
355.993498
358.114394
360.262724
362.436524
364.633872
366.852866
369.091620
371.348248
373.620860
375.907557
378.206426
380.515538
382.832948
385.156691
387.484789
389.815246
392.146053
394.475195
396.800646
399.120379
401.432368
403.734586
406.025011
408.301621
410.562392
412.805283
415.028229
417.229110
419.405717
421.555704
423.676508
425.765250
427.818580
429.832465
431.801870
433.720301
435.579113
437.366482
439.065835
440.653450
442.094762
443.338651
444.308651
444.889478
444.906798
444.097855
442.071654
438.262221
431.892289
421.995403
407.593677
388.158967
364.361519
338.658291
314.790141
295.925300
283.041505
275.150739
270.618828
268.083523
266.668991
265.878458
265.446298
265.233447
265.166809
265.207018
265.331983
265.528624
265.788728
266.106848
266.479202
266.903069
267.376423
267.897705
268.465662
269.079232
269.737457
270.439419
271.184201
271.970853
272.798379
273.665726
274.571788
275.515412
276.495406
277.510556
278.559639
279.641435
280.754745
281.898405
283.071293
284.272344
285.500557
286.755000
288.034815
289.339219
290.667509
292.019053
293.393295
294.789742
296.207963
297.647581
299.108264
300.589711
302.091651
303.613821
305.155963
306.717808
308.299066
309.899409
311.518466
313.155803
314.810914
316.483209
318.171996
319.876472
321.595705
323.328615
325.073960
326.830311
328.596029
330.369233
332.147768
333.929161
335.710571
337.488735
339.259893
341.019709
342.763181
344.484536
346.177113
347.833246
349.444135
350.999737
352.488665
353.898136
355.213981
356.420757
357.501992
358.440622
359.219652
359.823083
360.237128
360.451676
360.461948
360.270176
359.887095
359.332948
358.637723
357.840372
356.986916
356.127532
355.312967
354.590757
354.001831
353.577967
353.340388
353.299541
353.455892
353.801417
354.321445
354.996554
355.804289
356.720573
357.720779
358.780462
359.875813
360.983885
362.082656
363.151009
364.168642
365.116002
365.974241
366.725272
367.351935
367.838332
368.170348
368.336379
368.328279
368.142459
367.781086
367.253222
366.575725
365.773690
364.880227
363.935428
362.984487
362.075119
361.254555
360.566503
360.048502
359.729991
359.631304
359.763590
360.129526
360.724582
361.538576
362.557283
363.763928
365.140443
366.668467
368.330065
370.108224
371.987141
373.952372
375.990872
378.090959
380.242238
382.435496
384.662588
386.916323
389.190353
391.479068
393.777509
396.081277
398.386466
400.689597
402.987559
405.277565
407.557102
409.823903
412.075905
414.311225
416.528134
418.725032
420.900430
423.052931
425.181212
427.284012
429.360109
431.408314
433.427442
435.416299
437.373651
439.298188
441.188479
443.042902
444.859556
446.636133
448.369743
450.056667
451.692010
453.269218
454.779385
456.210279
457.544952
458.759768
459.821602
460.683917
461.281315
461.522172
461.279093
460.377355
458.582745
455.592601
451.038285
444.513501
435.648315
424.244821
410.461557
394.970807
378.949080
363.795041
350.663702
340.104499
332.026689
325.934578
321.212863
317.314574
313.836183
310.524002
307.252433
303.994711
300.792965
297.729209
294.898620
292.387481
290.258281
288.543153
287.244761
