390.727997	8.882429	-4.232086
390.517376	8.870563	-4.242083
388.180802	8.740769	-4.357560
385.853343	8.605846	-4.471166
383.551112	8.456846	-4.579529
381.272427	8.301308	-4.676990
379.023221	8.137592	-4.760802
376.842585	7.974288	-4.814325
374.703616	7.811229	-4.849450
372.697972	7.659310	-4.843212
370.725732	7.510182	-4.826625
368.940496	7.378056	-4.772706
367.184640	7.247839	-4.709094
365.566132	7.125956	-4.597018
363.965849	7.002432	-4.470182
362.402474	6.875639	-4.313524
360.814916	6.741980	-4.145027
359.204062	6.601710	-3.965098
357.584010	6.464634	-3.773601
355.959758	6.329029	-3.576841
354.388222	6.215954	-3.358197
352.828262	6.107132	-3.134947
351.344973	6.014421	-2.884212
349.870477	5.918415	-2.628572
348.427613	5.810651	-2.355307
346.963539	5.691716	-2.085951
345.467181	5.555761	-1.822520
343.884890	5.414782	-1.581883
342.238641	5.270021	-1.358199
340.438378	5.106565	-1.165092
338.586900	4.936804	-0.982139
336.476476	4.682238	-0.748851
334.301112	4.393901	-0.485324
331.747365	3.876717	0.000965
329.022985	3.213197	0.637493
325.867452	2.179734	1.654168
322.422889	0.665712	2.959813
318.640582	-1.410793	4.603900
314.834460	-4.405963	6.182618
311.016144	-7.922045	7.724426
308.175558	-11.454900	8.519283
305.558031	-14.991743	9.145415
303.920765	-17.847986	9.224006
302.357816	-20.549588	9.146229
301.114242	-22.520835	8.325991
300.064853	-24.115753	7.236534
299.377080	-25.006098	5.642897
298.673494	-25.582858	4.122955
297.955329	-25.876597	2.669422
297.176079	-25.609545	1.818408
296.371988	-25.105032	1.221797
295.728038	-22.389949	1.366813
295.137302	-19.195929	1.818031
295.059858	-13.112410	5.613210
295.453426	-7.066380	9.710264
297.383191	-1.147062	14.782054
300.788316	3.506590	18.588696
306.292752	6.358168	20.592921
314.034566	7.972020	21.510971
323.330904	8.726250	21.674367
334.776955	8.843007	17.234348
346.875063	8.766785	11.399451
360.377646	8.501312	0.102968
373.442638	8.273052	-11.136998
382.786420	8.390866	-19.694768
390.428056	9.404388	-26.841652
394.098979	12.507895	-30.696550
396.797836	16.924248	-33.336858
398.433528	22.777439	-34.648250
400.655059	28.714478	-35.473113
403.187187	34.694760	-36.042181
407.800591	39.822377	-36.735893
412.867774	44.763726	-37.455500
421.273449	48.344981	-38.121564
430.374312	51.546697	-38.352860
442.488759	53.104749	-36.690287
454.566604	53.277986	-32.445336
466.578465	51.038720	-23.708467
475.541693	47.473115	-15.891910
481.930369	42.790183	-8.855522
484.694436	39.406811	-4.635591
486.045585	36.530347	-1.513287
485.161989	34.517906	-0.138128
483.899825	32.652108	0.983674
481.140041	31.368841	1.453236
478.304939	30.146849	1.857425
475.250092	29.106045	2.068449
472.267269	28.132498	2.175324
469.379930	27.248231	2.144079
466.277960	26.452971	1.891539
463.037252	25.715413	1.495845
459.957881	24.994799	1.144198
456.923325	24.279038	0.804811
454.434733	23.416996	0.757838
451.942087	22.516521	0.742037
449.288937	21.414003	0.846644
446.575820	20.332854	0.963995
443.733115	19.297740	1.108685
440.837467	18.321908	1.275038
437.887609	17.406672	1.463455
434.864378	16.486624	1.630060
431.805246	15.564246	1.786080
428.629195	14.710526	1.867334
425.430904	13.872765	1.933717
422.179952	13.170726	1.937954
418.939564	12.500805	1.924554
415.740298	11.955904	1.842153
412.565532	11.469149	1.720015
409.430477	11.076549	1.533418
406.349694	10.746936	1.329926
403.311704	10.466954	1.113181
400.351445	10.245672	0.893114
397.418945	10.045358	0.672021
394.564301	9.900108	0.459577
391.722225	9.763598	0.251260
388.932641	9.662393	0.074318
386.158478	9.561657	-0.087530
383.426353	9.462098	-0.208526
380.722409	9.345659	-0.298182
378.053436	9.208264	-0.348989
375.414896	9.053901	-0.370212
372.794648	8.889324	-0.373601
370.207620	8.718511	-0.343665
367.628789	8.546165	-0.305504
365.125417	8.368216	-0.194139
362.638567	8.190277	-0.076103
360.231943	8.013033	0.069575
357.853345	7.839167	0.218266
355.530597	7.672030	0.372992
353.247128	7.506825	0.532515
351.001202	7.343463	0.696627
348.810187	7.179096	0.867610
346.643999	7.014285	1.041687
344.542837	6.852849	1.220115
342.454936	6.692324	1.399366
340.437622	6.539796	1.582467
338.435023	6.387127	1.768375
336.484388	6.233861	1.964214
334.565919	6.070080	2.166035
332.696030	5.890394	2.376877
330.813959	5.672993	2.595515
328.922807	5.427752	2.819893
326.941034	5.100960	3.050881
324.929426	4.747309	3.284050
322.832437	4.259996	3.521789
320.726574	3.743814	3.759909
318.601175	3.074091	3.997879
316.478717	2.350613	4.235372
314.363719	1.493614	4.471528
312.243536	0.558844	4.701304
310.117207	-0.465846	4.923710
307.953452	-1.566998	5.116213
305.768384	-2.711398	5.292078
303.523576	-3.896363	5.408509
301.264889	-5.090896	5.511891
298.975380	-6.228437	5.562975
296.691438	-7.335038	5.605078
294.437717	-8.294318	5.605039
292.217744	-9.156448	5.579607
290.060890	-9.839138	5.507136
287.970456	-10.357150	5.397578
285.939580	-10.728253	5.254886
283.973446	-10.928290	5.063550
282.034684	-11.057025	4.851714
280.206628	-11.057389	4.626649
278.422135	-11.023901	4.404683
277.076566	-10.730871	4.267033
275.947983	-10.220584	4.201986
275.512099	-9.017081	4.370821
275.355404	-7.279255	4.917544
275.591112	-4.791220	5.994125
276.237785	-1.929208	7.776517
277.166280	1.190452	10.041398
278.372176	4.068801	12.614907
279.661205	6.878865	15.280589
280.752109	8.841819	17.212223
281.869073	10.657651	18.967610
283.240408	11.745140	19.766366
285.292209	12.653752	20.315789
288.905635	13.145774	20.290141
295.049288	13.346850	18.428437
303.920727	13.233076	14.590605
315.940167	13.004235	5.693940
329.592039	12.715905	-5.819477
340.788869	13.266747	-17.724756
351.422706	14.023611	-29.623871
355.146162	17.966993	-34.853026
358.110305	21.911780	-39.145617
357.798150	25.876606	-39.422706
356.830079	29.072393	-38.474742
354.730654	30.951626	-35.423069
352.404567	32.106536	-31.796820
349.888508	32.659087	-27.688533
347.741392	32.839378	-24.243171
345.731360	32.877741	-21.047709
344.563975	32.371881	-18.558731
343.580095	31.706754	-16.180572
343.730656	29.871114	-14.221962
344.199342	27.684663	-12.389410
345.605219	24.476733	-10.926965
348.409358	20.427120	-9.895576
353.039831	15.277807	-9.428090
361.664030	8.444905	-9.945201
372.825148	0.539616	-11.087692
387.984014	-6.240575	-15.091478
404.215273	-12.725637	-19.862531
420.102711	-14.769970	-23.272400
435.639276	-16.080431	-26.142295
449.130720	-13.907961	-26.035510
462.058579	-10.820632	-24.537333
473.794475	-5.784798	-20.089688
483.563279	-0.932164	-14.763455
491.362064	3.737857	-8.545957
496.187411	6.949802	-3.397113
499.594412	9.465621	1.245144
500.722889	10.607040	4.307293
501.464236	11.456598	7.071397
502.247267	10.408695	8.774797
503.333226	9.136066	10.396401
505.568205	6.993616	11.693265
508.243250	4.492435	12.735007
511.622634	1.415063	13.368933
515.588659	-1.590834	13.558757
520.014536	-4.544057	13.404722
525.125614	-6.509661	11.366198
530.480390	-8.133790	8.668713
536.792257	-8.373238	3.975020
543.210256	-8.314804	-0.866325
549.771714	-6.596880	-5.403116
556.340401	-4.470166	-9.533787
562.920818	-1.256189	-12.580674
570.023621	1.794733	-14.855647
577.763698	4.645853	-16.191493
590.183000	6.694024	-16.656529
605.360218	8.267480	-16.607963
630.168455	7.877344	-13.763812
657.273135	7.013088	-10.250263
671.977963	3.512573	-3.362312
684.479526	-0.047868	2.700431
686.596215	-3.685345	4.162095
687.670471	-7.353764	5.080647
686.698948	-11.078949	4.935387
686.676936	-14.508738	4.480909
687.546434	-17.663747	3.736679
691.499061	-20.256076	2.539787
696.821074	-22.605376	1.142852
699.235813	-22.687973	-0.629831
701.114703	-22.325115	-2.424512
700.713530	-19.597737	-3.530037
700.509702	-15.934730	-4.440286
700.959672	-9.035850	-4.676637
700.893451	-1.821724	-4.154886
700.070057	5.867859	-2.513180
699.073161	12.348819	-1.059059
697.947195	17.967556	0.262762
696.626113	21.170040	1.163925
695.237910	23.612669	1.934234
694.788377	24.316011	2.126216
694.426437	24.828964	2.268160
694.263246	24.754243	2.319292
694.054924	24.642746	2.405123
693.739333	24.440652	2.575390
693.368860	24.234785	2.802179
692.936421	24.024490	3.093059
692.472707	23.827143	3.438696
691.991488	23.636846	3.814139
691.223440	23.465694	4.112683
690.392748	23.298700	4.394948
689.095421	23.180892	4.494957
687.747482	23.063179	4.554288
686.170086	22.946048	4.425212
684.538392	22.821133	4.256112
682.808976	22.682189	4.014069
681.117729	22.587963	3.760696
679.459134	22.532517	3.497127
677.902761	22.486387	3.337537
676.386768	22.443851	3.219556
675.276943	22.384447	3.362326
674.275106	22.319128	3.561008
674.104082	22.201350	4.098324
674.049485	22.071180	4.641502
674.360413	21.902495	5.203676
674.597352	21.743855	5.674935
674.733531	21.598172	6.022143
674.619960	21.520994	6.258256
674.341236	21.489366	6.420980
673.650313	21.594032	6.478193
672.844643	21.738081	6.505649
671.020463	21.927378	6.237676
669.027901	22.136352	5.929929
666.229172	22.464549	5.450629
663.245755	22.801680	4.917312
659.851507	23.158903	4.262967
656.282471	23.474438	3.589831
652.530079	23.746041	2.896513
648.684118	23.993328	2.266932
644.790275	24.228279	1.668796
641.036500	24.381873	1.201002
637.309776	24.517314	0.761873
633.723921	24.512478	0.559097
630.184494	24.487750	0.419251
626.837979	24.383260	0.535573
623.852308	24.281798	0.832305
621.464335	24.184999	1.427888
619.616237	24.060915	2.227776
618.201855	23.914735	3.193109
617.067850	23.778159	4.021717
616.036046	23.644751	4.801438
614.675280	23.554358	5.133520
613.190645	23.462836	5.361074
610.725409	23.313412	4.937233
607.963956	23.150602	4.399703
604.366503	22.950762	3.539210
600.438116	22.736006	2.561363
596.089147	22.502483	1.433580
591.593606	22.228207	0.357816
587.007657	21.928795	-0.686205
582.420658	21.621087	-1.569827
577.833917	21.311214	-2.413079
573.179765	20.989780	-3.074848
568.534252	20.669361	-3.708887
563.941543	20.353717	-4.211368
559.447766	20.042916	-4.669118
555.153456	19.741142	-5.035113
551.071807	19.420162	-5.307859
547.194528	19.080403	-5.490474
543.570415	18.711807	-5.579205
540.058715	18.330187	-5.625799
537.029698	17.890864	-5.481499
534.095216	17.440462	-5.297751
531.737205	16.934625	-4.855984
529.461367	16.417747	-4.403731
527.503561	15.860031	-3.906618
525.619913	15.265644	-3.358915
523.856285	14.614960	-2.731917
522.100767	13.932207	-2.051755
520.354005	13.225197	-1.330954
518.467981	12.539779	-0.696204
516.540119	11.860772	-0.087882
514.066079	11.263659	0.348126
511.485087	10.682455	0.742869
508.312320	10.186273	0.882056
505.077895	9.723824	0.954723
501.677915	9.346611	0.855208
498.275653	8.981842	0.699055
494.869072	8.631460	0.476195
491.362209	8.262109	0.196907
487.800158	7.882486	-0.114281
483.982423	7.447004	-0.473408
480.109303	6.999605	-0.843739
476.049737	6.524006	-1.231364
471.984251	6.056464	-1.612054
467.888267	5.625727	-1.956116
463.825400	5.206926	-2.274254
459.822047	4.809424	-2.543882
455.895471	4.428775	-2.767111
452.036602	4.062751	-2.949190
448.277860	3.738628	-3.081291
444.559626	3.431249	-3.193199
440.962543	3.225178	-3.229636
437.384545	3.040652	-3.252320
433.881004	2.994801	-3.200848
430.375232	2.984402	-3.143632
426.866889	3.088805	-3.064957
423.440496	3.231175	-2.980444
420.128711	3.427010	-2.887051
417.090493	3.670838	-2.814081
414.237189	3.947193	-2.754748
411.758016	4.286712	-2.710970
409.385746	4.644209	-2.671449
407.218454	5.022460	-2.626839
405.047047	5.396437	-2.589311
402.805687	5.737895	-2.604726
400.512199	6.058320	-2.647517
398.108830	6.331752	-2.753067
395.731032	6.581917	-2.893078
393.382695	6.807528	-3.070255
391.209903	6.993699	-3.248775
389.127931	7.160056	-3.428029
387.277434	7.279507	-3.568580
385.475024	7.389446	-3.700893
383.805712	7.457774	-3.783492
382.139226	7.511720	-3.861081
380.478022	7.505702	-3.918004
378.808139	7.479252	-3.962999
377.122266	7.418394	-3.987998
375.429724	7.338032	-3.970500
373.732268	7.241978	-3.918018
372.040088	7.121731	-3.816730
370.351528	6.992898	-3.696703
368.680712	6.833983	-3.557201
367.015203	6.669532	-3.415850
365.363002	6.472538	-3.283265
363.713133	6.265347	-3.156790
362.064537	6.027883	-3.048928
360.424103	5.774724	-2.954899
358.793142	5.501192	-2.878837
357.174127	5.221471	-2.823090
355.563214	4.938071	-2.780005
353.939941	4.659069	-2.755779
352.314709	4.381259	-2.736429
350.615873	4.098776	-2.736684
348.899200	3.817911	-2.742412
347.087677	3.549070	-2.776362
345.258216	3.297836	-2.821322
343.391170	3.083586	-2.889243
341.541837	2.909577	-2.958397
339.710031	2.775097	-3.028768
337.948157	2.690856	-3.083532
336.219467	2.629895	-3.130862
334.611658	2.601322	-3.154987
333.031169	2.579915	-3.174386
331.610376	2.605983	-3.175060
330.226824	2.669189	-3.173022
328.972569	2.866465	-3.161611
327.778204	3.123087	-3.130848
326.674409	3.470661	-3.070428
325.649131	3.845901	-2.950189
324.682613	4.241950	-2.785526
323.800846	4.634875	-2.562178
322.947710	5.027066	-2.319826
322.124675	5.391868	-2.044990
321.294064	5.745277	-1.766194
320.380027	6.018594	-1.469989
319.413797	6.254687	-1.171397
318.317083	6.396827	-0.865787
317.117958	6.491178	-0.552548
315.799190	6.529924	-0.230345
314.308293	6.488178	0.114257
312.718200	6.400782	0.471212
310.839518	6.023332	0.863221
308.892379	5.579659	1.262643
306.550136	4.736384	1.683492
304.147497	3.835215	2.098552
301.485929	2.673926	2.487234
298.823732	1.446757	2.833285
296.166068	0.099696	3.100972
293.709369	-1.240601	3.281760
291.434681	-2.574359	3.385245
289.608634	-3.729837	3.411667
287.973198	-4.810754	3.406069
286.924773	-5.588322	3.256146
285.990070	-6.305195	3.071215
285.521649	-6.724782	2.650454
285.123590	-7.086595	2.155092
284.932704	-7.270566	1.425326
284.876822	-7.360152	0.571195
285.006446	-7.319557	-0.455679
285.234015	-7.004431	-1.551533
285.529200	-6.502107	-2.694423
285.684530	-5.745322	-3.683090
285.801178	-4.912039	-4.627010
285.704794	-3.926097	-5.183258
285.579960	-2.927824	-5.675397
285.324174	-1.906969	-5.871853
284.958220	-0.903214	-6.014595
284.341766	0.062080	-6.037906
283.504852	0.972517	-5.990277
282.433659	1.825065	-5.867551
281.167587	2.580876	-5.630259
279.801650	3.287470	-5.334080
278.348420	3.869076	-5.029199
276.878242	4.424191	-4.723074
275.472013	4.844548	-4.487669
274.104930	5.239887	-4.264585
272.903479	5.534296	-4.094483
271.806511	5.786087	-3.938933
270.884603	5.967125	-3.808091
270.118570	6.093526	-3.687605
269.478441	6.175963	-3.575461
269.029061	6.208459	-3.463708
268.649913	6.222701	-3.351902
268.459647	6.199345	-3.235573
268.298905	6.166924	-3.118788
268.244825	6.076856	-3.004696
268.209779	5.972316	-2.895314
268.226216	5.826946	-2.799550
268.312288	5.684770	-2.714951
268.485895	5.546416	-2.644499
268.747208	5.430840	-2.582453
269.062712	5.329135	-2.525553
269.396344	5.254157	-2.465405
269.735675	5.185894	-2.404483
270.020946	5.135763	-2.335324
270.292670	5.088141	-2.266710
270.493187	5.051765	-2.201599
270.668920	5.020029	-2.144151
270.794565	4.997531	-2.101826
270.895382	4.994040	-2.072125
270.972313	5.008624	-2.054455
271.029434	5.099251	-2.060515
271.077183	5.224059	-2.077401
271.118033	5.465882	-2.127314
271.157291	5.729002	-2.181624
271.206604	6.062931	-2.215866
271.260317	6.398575	-2.240028
271.333689	6.740191	-2.228414
271.418427	7.059213	-2.200321
271.521131	7.344724	-2.147778
271.638212	7.559518	-2.043357
271.765036	7.723077	-1.901665
271.909038	7.793833	-1.687947
272.057166	7.834784	-1.451529
272.231215	7.824814	-1.189007
272.405864	7.808694	-0.927109
272.579645	7.773569	-0.683011
272.730991	7.731706	-0.449504
272.828600	7.673878	-0.241695
272.886296	7.599137	-0.056616
272.899083	7.505300	0.102892
272.858161	7.391453	0.222901
272.788590	7.266586	0.321629
272.656469	7.161889	0.374399
272.511187	7.061474	0.417425
272.334789	7.013748	0.406434
272.156778	6.981598	0.372420
271.973269	7.019144	0.233022
271.794054	7.155626	-0.022129
271.622786	7.467989	-0.484990
271.472364	8.075416	-1.071544
271.339460	8.936250	-1.765346
271.260676	9.976795	-2.404268
271.202675	11.089013	-3.022482
271.197167	12.038355	-3.434540
271.194601	12.945471	-3.807457
271.157029	13.543961	-3.979187
271.094283	14.075418	-4.119511
270.955924	14.403580	-4.164606
270.863787	14.690892	-4.184079
270.832385	14.923017	-4.169647
270.963939	15.299883	-4.009631
271.198324	15.768129	-3.757491
272.328407	17.173239	-2.789833
273.693730	18.833587	-1.632068
277.694760	21.264977	1.174084
282.058400	23.523523	4.066825
288.056499	24.519011	7.117085
294.196062	25.169930	9.717626
300.637162	25.084416	11.356271
307.259334	24.074544	12.406708
314.064127	22.130444	12.862421
321.011086	19.273534	13.017224
328.026186	15.976583	13.028014
335.185435	12.950217	12.499595
342.387049	9.992398	11.842491
350.167437	7.742807	10.041743
358.152020	5.594239	7.896514
366.910115	3.826500	4.447035
376.032647	2.332763	0.309189
385.734260	1.272146	-4.919254
395.107719	0.636584	-10.464273
404.237545	0.324172	-16.259982
411.755043	1.249837	-20.960292
418.725577	2.597461	-25.294805
424.258881	5.553701	-28.103326
429.764326	8.507406	-30.796455
436.113777	10.192937	-33.561641
444.027385	11.251693	-36.257179
455.990470	10.673613	-38.779885
474.069597	8.817514	-40.076743
499.388588	5.436151	-39.925996
527.119231	2.324053	-31.595760
556.211927	-0.629822	-18.595134
572.349401	-1.640423	-7.285262
585.563595	-2.220467	3.648501
586.881342	-2.133063	5.485925
587.726693	-1.964798	6.909085
586.616616	-1.397014	6.619828
584.223370	-0.835742	6.008253
579.438893	-0.279130	4.794833
574.798165	0.386930	3.777884
570.272637	1.152670	2.934351
566.721438	1.728010	2.336941
563.557913	2.220001	1.843055
560.722366	2.217877	1.615673
557.984407	2.157854	1.435342
556.168676	2.219599	1.449560
554.537267	2.387340	1.496593
553.498783	2.886548	1.656139
552.706056	3.535860	1.982922
552.257705	4.392268	2.544598
551.818903	5.197288	2.958352
551.386831	5.967814	3.274570
550.694640	6.678476	3.319819
549.927897	7.372749	3.289461
548.762779	7.988822	2.868998
547.596094	8.603796	2.431627
546.542082	9.227960	1.992413
545.659942	9.855329	1.601763
545.162229	10.487756	1.317259
544.878929	11.087774	1.031987
544.820649	11.653685	0.746435
544.715283	12.261118	0.389464
544.585736	12.889157	-0.003004
543.791996	13.695209	-0.499875
542.857103	14.536948	-1.014602
540.983450	15.533410	-1.467381
538.999971	16.570163	-1.853173
536.558789	17.768498	-1.970354
533.930817	18.922051	-2.001225
530.993052	20.004231	-1.889315
527.863765	20.874362	-1.575400
524.583847	21.578178	-1.102102
521.171265	22.011793	-0.452398
517.713465	22.350921	0.258284
514.264037	22.378100	1.112284
510.853914	22.362987	1.987302
507.802488	22.184686	2.956056
504.974468	21.940986	4.001373
502.744466	21.517097	5.253526
500.952827	20.963630	6.734495
499.694124	20.251105	8.494824
498.534120	19.355593	10.234613
497.428226	18.350969	11.962311
495.808838	17.384333	13.190099
494.068082	16.427489	14.300656
491.877618	15.690724	14.804042
489.702878	15.004152	15.246226
487.603288	14.550028	15.395443
485.510636	14.157818	15.469066
483.417701	13.883825	15.389810
481.180400	13.635753	15.142639
478.806542	13.411458	14.740208
476.239170	13.190443	14.187060
473.586527	12.970995	13.569459
470.766784	12.726711	12.851618
467.919133	12.478273	12.118956
465.009898	12.218389	11.351839
462.112253	11.964297	10.588722
459.251025	11.729187	9.834330
456.411991	11.504658	9.094289
453.603887	11.295094	8.373706
450.795134	11.096248	7.670290
447.986181	10.904841	6.978800
445.152247	10.719793	6.307413
442.311390	10.536700	5.642273
439.445121	10.359167	5.010167
436.577723	10.182735	4.386108
433.709252	10.011801	3.804937
430.848474	9.842977	3.241479
428.004953	9.679062	2.718710
425.182563	9.521219	2.226329
422.382871	9.369894	1.766584
419.616851	9.230889	1.344130
416.868358	9.098181	0.940751
414.164371	8.983626	0.577262
411.470538	8.873015	0.222127
408.827016	8.784523	-0.091433
406.195354	8.699799	-0.397333
403.608227	8.629787	-0.671932
401.043667	8.560885	-0.935941
398.515675	8.493651	-1.182345
396.010862	8.418465	-1.418891
393.524816	8.336875	-1.647620
391.045553	8.226869	-1.868565
388.569039	8.106358	-2.086886
