316.031034	11.978482	-0.850931
316.029107	11.940315	-0.851087
315.802136	11.513938	-0.914956
315.543070	11.041702	-0.970963
315.189253	10.440135	-1.004714
314.699213	9.850520	-1.021045
314.038828	9.275078	-1.015975
313.199071	8.758095	-1.010053
312.252569	8.276037	-1.003823
311.300174	7.876559	-1.017827
310.346051	7.497265	-1.036963
309.464839	7.221829	-1.114208
308.590321	6.964262	-1.207733
307.748619	6.787270	-1.376714
306.913981	6.635435	-1.569419
306.094182	6.530769	-1.805955
305.279138	6.448666	-2.037196
304.468112	6.386869	-2.263336
303.644940	6.339026	-2.446173
302.815398	6.296991	-2.610700
301.937160	6.258287	-2.709794
301.045308	6.219343	-2.796155
300.069631	6.171000	-2.824081
299.067913	6.121969	-2.841832
297.988493	6.070932	-2.828371
296.869102	6.030908	-2.806575
295.695692	6.006113	-2.773477
294.481445	6.001820	-2.717377
293.240118	6.011402	-2.645888
291.976476	6.091942	-2.485720
290.706319	6.193107	-2.300302
289.460533	6.373757	-1.991084
288.227899	6.561874	-1.665192
287.071748	6.770097	-1.270880
285.965782	6.980196	-0.871276
284.967165	7.192568	-0.461090
284.061265	7.408750	-0.072703
283.248489	7.628090	0.293571
282.543970	7.829514	0.601540
281.890481	8.021723	0.881634
281.339046	8.148687	1.063839
280.806911	8.261313	1.225603
280.349471	8.310382	1.291203
279.903135	8.347414	1.345376
279.498788	8.344086	1.360321
279.105944	8.320946	1.353707
278.731145	8.268154	1.314607
278.346265	8.196782	1.227846
277.954066	8.111641	1.105624
277.507242	7.998282	0.992032
277.042293	7.875617	0.880757
276.514172	7.673999	0.846156
275.988801	7.438455	0.825458
275.530200	6.983767	0.873645
275.155344	6.360651	1.005576
274.985824	5.333147	1.339844
274.999994	3.952570	1.864130
275.216837	2.178798	2.601143
275.685754	0.268419	3.250795
276.282713	-1.716336	3.855248
277.649218	-3.252912	4.113851
279.175215	-4.693055	4.301156
281.553594	-5.394138	4.296852
283.972828	-6.004660	4.239709
286.575836	-6.224970	3.957432
289.087532	-6.345830	3.435777
291.445023	-6.298565	2.506801
293.721300	-5.973280	1.471566
295.931542	-5.422225	0.348443
298.543219	-4.755314	-0.250246
301.302709	-4.047692	-0.656322
306.640809	-3.932907	-0.122487
312.821068	-3.928877	0.684226
325.062493	-4.432872	3.351992
338.618401	-4.867506	5.686181
355.777271	-5.108975	7.121746
372.677875	-5.136109	7.849972
389.266404	-4.901388	7.710763
403.740062	-4.236530	5.611698
416.951806	-3.317511	2.364805
426.932905	-1.533347	-2.406336
436.132764	0.450311	-7.538156
440.028542	2.915683	-10.237344
443.472403	5.353765	-12.541496
445.084013	7.665868	-13.013130
446.603109	9.854450	-13.098904
447.977501	11.814904	-12.456661
449.238468	13.556697	-11.413173
450.403863	15.102638	-10.004730
450.878250	16.379542	-8.694188
451.067900	17.547138	-7.423680
450.514198	18.497585	-6.094645
449.872830	19.403615	-4.761929
449.278219	20.046017	-3.505941
448.792722	20.675933	-2.362387
448.626732	21.265493	-1.571475
449.368882	22.186401	-0.998400
451.339302	23.557425	-0.721469
455.475221	25.533568	-0.786243
461.036699	27.907555	-1.072802
468.454070	29.825919	-2.194068
476.372022	31.622314	-3.542108
483.739050	32.037172	-4.619129
490.536142	32.132067	-5.574641
494.052322	30.601645	-5.871271
496.945659	28.744369	-6.061878
498.512769	26.192252	-6.030325
499.429912	23.858590	-5.726795
499.701009	21.735674	-5.155284
499.495056	19.855583	-4.365490
499.069369	18.087512	-3.474961
497.822500	16.817314	-2.721857
496.439282	15.645867	-1.993255
494.831585	14.919061	-1.314761
493.335868	14.243454	-0.636268
492.219460	13.751010	0.042064
491.317627	13.321587	0.678887
490.733561	12.987055	1.253645
490.355883	12.730334	1.677619
490.130035	12.529763	1.993117
489.961124	12.385537	2.129499
489.813357	12.258818	2.209636
489.129867	12.097469	2.000052
488.296206	11.928042	1.755932
486.599499	11.716333	1.398434
484.886279	11.498698	1.070711
483.125269	11.267200	0.815313
481.302832	11.037862	0.604299
479.412696	10.810903	0.441671
477.364709	10.608858	0.301817
475.235397	10.419677	0.173031
472.922958	10.266558	0.019836
470.574930	10.119316	-0.140052
468.157638	9.935312	-0.359564
465.729227	9.733100	-0.581139
463.249539	9.458355	-0.809369
460.688336	9.181231	-1.007350
457.991466	8.899873	-1.155904
455.143404	8.653525	-1.243396
452.176616	8.434116	-1.282336
449.216866	8.225717	-1.291539
446.261376	8.020490	-1.289946
443.527089	7.861496	-1.281084
440.846838	7.713148	-1.272655
438.467764	7.629528	-1.274706
436.165733	7.551624	-1.268791
434.061390	7.489569	-1.242352
431.969852	7.432979	-1.195972
429.892781	7.383059	-1.125930
427.802599	7.338622	-1.041505
425.704540	7.297270	-0.948652
423.635458	7.241321	-0.882148
421.572389	7.182004	-0.820984
419.606078	7.015515	-0.806899
417.705298	6.818072	-0.814357
416.109590	6.478432	-0.924056
414.766839	6.112622	-1.040060
413.880046	5.699427	-1.168636
413.298076	5.294083	-1.252535
412.978567	4.895598	-1.298405
412.753677	4.415131	-1.292235
412.564943	3.903486	-1.265967
412.158172	3.241511	-1.182429
411.712050	2.582103	-1.100635
411.111619	2.137070	-1.103092
410.540263	1.780300	-1.117460
410.059396	1.678224	-1.163542
409.669633	1.654704	-1.217111
409.399541	1.733822	-1.279754
409.174570	1.835003	-1.314364
408.977408	1.950146	-1.331579
408.631420	2.048193	-1.307134
408.246601	2.141894	-1.272145
407.329732	2.224093	-1.087264
406.267527	2.305439	-0.882946
404.489881	2.383701	-0.590337
402.630232	2.480812	-0.303402
400.606216	2.615044	-0.026301
398.675232	2.769845	0.227499
396.830723	2.943736	0.459653
395.062051	3.083463	0.686588
393.326045	3.207959	0.911068
391.533049	3.287173	1.157446
389.721166	3.358954	1.409370
387.726867	3.417014	1.706485
385.683299	3.486844	2.021725
383.478138	3.595126	2.396386
381.223044	3.739531	2.808077
378.897179	3.934627	3.271952
376.561084	4.197785	3.774509
374.218465	4.507231	4.303298
371.904420	4.967932	4.858489
369.599721	5.472699	5.421655
367.402267	6.209867	5.977603
365.255651	6.971984	6.529384
363.389788	7.823274	7.051115
361.667490	8.659237	7.577197
360.253038	9.461811	8.110604
359.031348	10.179919	8.652082
358.005488	10.811983	9.201474
357.108459	11.285193	9.732852
356.273956	11.682146	10.255936
355.399693	11.901956	10.711185
354.510297	12.090087	11.150390
353.379829	12.221896	11.453607
352.194222	12.383397	11.725198
350.809800	12.650967	11.880968
349.430072	13.081555	11.988721
348.059183	13.761202	12.022831
346.787904	14.755267	11.937543
345.591380	15.983527	11.761838
344.531807	17.510109	11.296828
343.517986	19.135136	10.735101
342.513357	20.756635	9.600319
341.496331	22.328356	8.398843
340.365324	23.529993	7.000181
339.187312	24.549051	5.632031
337.893216	25.139621	4.336510
336.547869	25.457454	3.129323
335.145871	25.474908	2.019360
333.785847	25.221304	1.026582
332.449959	24.824537	0.095800
331.204936	24.098385	-0.701158
329.980924	23.305070	-1.469644
328.808919	22.374540	-2.133850
327.638153	21.437535	-2.780036
326.469863	20.474222	-3.354084
325.287028	19.529460	-3.892383
324.080152	18.615247	-4.371769
322.866587	17.746541	-4.796447
321.647308	16.914316	-5.177358
320.456535	16.158862	-5.479890
319.275582	15.431218	-5.753883
318.197534	14.904557	-5.918075
317.168036	14.441772	-6.058210
316.503771	14.394226	-6.071443
316.048253	14.520145	-5.988398
316.134637	15.095016	-5.652828
316.861203	15.940235	-4.794416
318.352679	17.102175	-3.311810
321.453579	18.268667	-0.789683
325.478045	19.429792	2.319751
331.796659	19.169753	5.092856
338.633797	18.579459	7.782172
346.607954	16.536247	8.605289
354.612917	14.313745	9.206626
362.724417	11.315939	8.819731
370.739602	8.561708	7.831220
378.580648	6.244173	5.766310
386.028779	4.445875	2.927948
393.140517	3.092741	-0.571210
399.468095	2.084383	-3.746879
405.486813	1.211839	-6.794091
410.258169	0.396586	-8.628471
414.756128	-0.388660	-10.232084
417.721979	-0.913413	-10.763697
420.185493	-1.255488	-11.028686
421.215687	-1.079054	-10.532527
421.817956	-0.581824	-9.674032
421.873338	0.321208	-8.353794
421.724132	1.177910	-7.070501
421.450481	2.005576	-5.808123
421.431614	2.326135	-4.481438
421.480892	2.519506	-3.136057
424.034013	2.171247	-1.567187
427.573126	1.727762	-0.012354
435.952239	0.847111	1.437120
444.629139	0.101120	2.623328
453.842467	-0.383313	3.295556
460.726698	-0.676146	3.311559
465.455025	-0.792549	2.716828
467.932612	-0.872650	1.788792
469.446029	-0.936897	0.717312
469.786417	-0.700271	-0.399289
469.946115	-0.381557	-1.486260
469.833739	0.573142	-2.037549
469.788962	1.618949	-2.495878
469.964607	2.950925	-2.664486
470.392045	4.395643	-2.668339
471.171043	5.993420	-2.446570
472.882796	7.695051	-1.823684
475.214890	9.462197	-0.935604
478.049696	11.088104	-0.165667
481.024967	12.671760	0.569948
484.876288	13.517309	1.039247
488.705780	14.240753	1.440172
492.236806	14.413903	1.504944
495.554470	14.495003	1.480073
498.435501	14.384854	1.269013
501.173924	14.173974	0.967778
503.771920	13.863550	0.578652
506.106818	13.498224	0.178335
508.316515	13.107211	-0.226623
510.423911	12.671566	-0.676768
512.507741	12.235905	-1.139962
514.504973	11.938190	-1.721325
516.307144	11.689699	-2.274603
517.455649	11.608980	-2.729253
518.317549	11.626536	-3.092128
518.764257	11.786832	-3.320365
519.068968	12.032016	-3.340402
519.272380	12.336628	-3.211678
519.539187	12.612721	-2.731179
519.824488	12.879318	-2.139458
519.532713	12.969022	-1.123063
519.207458	12.999888	-0.043120
518.875661	12.700207	1.282436
519.025104	12.247622	2.521141
520.262522	11.453034	3.560080
521.524310	10.458271	4.378763
522.808723	9.255173	4.964295
523.405875	7.968951	5.365914
523.659725	6.641008	5.673932
523.462340	5.323393	5.717124
523.184559	4.013155	5.709440
522.978233	2.928702	5.732042
523.137783	1.892953	5.715648
524.689870	1.044239	5.567790
526.245896	0.291900	5.273676
527.819381	-0.309548	4.753315
528.748311	-0.620378	3.834858
529.192594	-0.711625	2.616461
529.406362	-0.517320	1.275602
529.539676	-0.226928	-0.106776
529.417918	0.717050	-1.455650
529.209383	1.728767	-2.777665
528.536933	2.891929	-3.905405
527.925751	4.108224	-4.870829
527.477477	5.450944	-5.446882
527.401166	6.826146	-5.769914
527.742454	8.236667	-5.811710
529.148628	9.582334	-5.503931
531.122825	10.893251	-5.008706
533.115837	12.030523	-4.064859
535.077800	13.127032	-3.037618
535.008496	13.818233	-2.438532
534.615024	14.424505	-1.948260
532.900074	14.683949	-1.903594
531.112674	14.830842	-1.910222
529.212543	14.791074	-2.001857
527.696781	14.633878	-2.099312
526.487055	14.382511	-2.201290
524.914093	14.166181	-2.229904
523.208600	13.963088	-2.232055
520.713142	13.886511	-2.196358
518.118514	13.825930	-2.153200
515.280239	13.803128	-2.073700
512.646182	13.742641	-1.977835
510.541729	13.583870	-1.839624
508.991115	13.369405	-1.667071
508.093743	13.089310	-1.453599
507.700008	12.699982	-1.094730
507.590815	12.248590	-0.652941
507.659942	11.467079	0.222472
507.768497	10.612099	1.195108
508.311375	9.394052	2.866077
509.241064	8.194654	4.588764
511.918721	7.082733	6.537364
515.527960	6.157946	8.210428
520.778951	5.564095	9.394270
525.000414	5.273101	9.669489
528.343708	5.238308	9.174150
529.423670	5.653191	7.793109
529.633758	6.241766	6.072141
529.051575	6.927918	4.543189
528.350353	7.620329	3.040702
527.289140	8.267290	1.601218
526.111093	8.927337	0.159174
524.608585	9.623940	-1.289485
522.745590	10.338308	-2.610915
520.433397	11.074744	-3.773091
518.313413	11.738668	-4.567076
516.311297	12.358710	-5.139927
515.654435	12.780037	-5.332423
515.323929	13.153076	-5.433083
516.160679	13.427794	-4.990305
517.032579	13.696812	-4.458036
517.994183	13.944886	-3.525843
518.733087	14.137936	-2.652173
519.056102	14.228640	-1.888740
518.992228	14.241919	-1.276110
518.583144	14.186412	-0.797563
518.016940	13.974343	-0.470907
517.386605	13.697879	-0.206481
516.708774	13.301025	-0.088939
516.005301	12.885526	0.004930
515.045452	12.421215	0.025991
514.032636	11.972490	0.022286
512.863115	11.569941	-0.055002
511.734855	11.255236	-0.255554
510.661123	11.055909	-0.618247
509.862115	11.013315	-1.058545
509.237441	11.069797	-1.547866
509.025389	11.363254	-1.914802
508.922353	11.718829	-2.250133
509.414828	12.253434	-2.360907
510.039671	12.772683	-2.441850
511.289657	13.183865	-2.392124
512.905740	13.523192	-2.245159
515.241569	13.721354	-1.905887
518.107346	13.899290	-1.399947
521.467668	14.058380	-0.738414
525.350057	14.209171	-0.062246
529.459854	14.356163	0.619816
534.533719	14.527219	0.952007
539.696546	14.707037	1.217258
544.139925	14.969206	1.192618
548.110473	15.252721	1.109047
550.587012	15.602223	0.839377
552.380891	15.982301	0.605752
553.236498	16.403798	0.421922
553.678782	16.748996	0.308566
553.847979	17.043597	0.242107
555.174600	17.327979	0.188655
556.824570	17.609535	0.138746
558.496575	17.966753	0.277669
560.041993	18.327402	0.475490
560.832049	18.692371	0.978162
561.388975	19.019833	1.598528
561.463176	19.270200	2.462318
561.586624	19.414696	3.499530
561.758267	19.455858	4.706027
562.832908	19.330198	5.852893
564.322416	19.128350	6.973130
567.947139	18.306398	7.634769
571.823269	17.381615	8.203500
574.133329	16.280440	8.310915
575.901097	15.215152	8.234904
575.844059	14.266667	7.541944
575.187728	13.424144	6.763245
573.669146	12.733016	5.861675
571.551494	12.155582	4.995710
569.018562	11.656850	4.153310
566.086954	11.298152	3.492338
563.034979	10.981047	2.883626
559.945225	10.808404	2.489776
556.817928	10.654664	2.134550
553.476195	10.575661	1.967444
550.037471	10.521264	1.875223
546.390080	10.519914	1.946946
542.818173	10.504733	2.271001
539.324383	10.475358	2.851907
536.333403	10.359318	3.634462
533.584216	10.201659	4.513137
531.768501	9.935571	5.368682
530.136388	9.645267	6.215306
529.206733	9.208395	6.956667
528.327626	8.759377	7.638050
527.631743	8.268308	8.109113
526.823149	7.837457	8.371882
525.845950	7.496990	8.323768
524.441795	7.246901	7.929157
522.728870	7.062076	7.284512
520.504913	6.984454	6.343960
518.121649	6.940366	5.311920
515.575599	7.063294	4.240963
512.994294	7.213300	3.185225
510.241676	7.483262	2.246204
507.409564	7.775891	1.375907
504.400355	8.119977	0.659942
501.347184	8.457322	0.044725
498.248478	8.787562	-0.464578
495.162046	9.078788	-0.887096
492.081976	9.350646	-1.266291
489.029932	9.574229	-1.580159
485.983895	9.787589	-1.881069
482.964381	9.946992	-2.142878
479.964296	10.102521	-2.398827
477.036231	10.243502	-2.633060
474.157109	10.383799	-2.863674
471.353742	10.523004	-3.088740
468.598939	10.661364	-3.314735
465.880316	10.799103	-3.541475
463.203643	10.934251	-3.779177
460.540664	11.068634	-4.020553
457.936989	11.193195	-4.282947
455.345689	11.315608	-4.548076
452.816749	11.426170	-4.821623
450.300003	11.533157	-5.096674
447.811769	11.631493	-5.374936
445.355497	11.733023	-5.667039
442.934027	11.838000	-5.974150
440.647316	11.946507	-6.263010
438.430567	12.056774	-6.542327
436.473460	12.154053	-6.720737
434.573249	12.248989	-6.877729
432.966004	12.353432	-6.949811
431.411631	12.453916	-6.989618
430.059097	12.538846	-6.904567
428.746242	12.605137	-6.760127
427.495332	12.641424	-6.520909
426.198770	12.670555	-6.262960
424.866349	12.694102	-5.990516
423.422753	12.701519	-5.703379
421.940554	12.703417	-5.411200
420.304090	12.683330	-5.127956
418.645441	12.658288	-4.850764
416.910167	12.607145	-4.616389
415.172717	12.545424	-4.399614
413.431021	12.458040	-4.225413
411.706589	12.363536	-4.073224
410.001721	12.261093	-3.945613
408.332392	12.144484	-3.835729
406.682067	12.020358	-3.735307
405.069965	11.878081	-3.625664
403.466015	11.732000	-3.513650
401.893611	11.574793	-3.367306
400.324369	11.417714	-3.217997
398.768127	11.261378	-3.056887
397.217060	11.099763	-2.899065
395.674588	10.929493	-2.746787
394.140310	10.744994	-2.600285
392.612471	10.549241	-2.458372
391.089835	10.333349	-2.292719
389.568959	10.110323	-2.118629
388.131134	9.841194	-1.839953
386.722703	9.560243	-1.536782
385.508143	9.211279	-1.100729
384.379906	8.840892	-0.635538
383.468407	8.416787	-0.098099
382.701951	7.969941	0.444368
382.101913	7.497041	0.992239
381.683133	7.017403	1.489668
381.363638	6.534120	1.959363
381.180804	6.047815	2.316510
381.026240	5.561100	2.648828
380.831824	5.093031	2.853195
380.591076	4.640190	3.039762
380.154229	4.251959	3.151894
379.635651	3.905084	3.236355
378.979727	3.628064	3.274342
378.138825	3.399217	3.178286
377.148347	3.209381	2.973740
375.950680	3.068196	2.656684
374.677292	2.944725	2.298452
373.203926	2.882224	1.903137
371.690182	2.831951	1.506797
369.980254	2.842181	1.134762
368.238200	2.866206	0.794774
366.414329	2.925624	0.537363
364.583824	2.997011	0.328444
362.745831	3.082370	0.176254
360.921925	3.173402	0.068602
359.105964	3.267604	-0.014198
357.308080	3.355858	-0.065161
355.514062	3.442773	-0.109198
353.720281	3.517915	-0.136339
351.924261	3.590979	-0.162119
350.118855	3.655040	-0.181934
348.319680	3.712976	-0.198650
346.531396	3.760394	-0.210015
344.782686	3.798346	-0.215383
343.066530	3.828527	-0.215824
341.443132	3.855239	-0.204600
339.854006	3.880684	-0.189065
338.384647	3.912945	-0.132560
336.936337	3.947746	-0.070232
335.579047	4.000471	0.009965
334.244036	4.061613	0.085783
332.967492	4.144823	0.150053
331.720303	4.234520	0.202998
330.508008	4.331906	0.242456
329.329557	4.427970	0.268675
328.170313	4.523280	0.287344
327.045361	4.614670	0.289937
325.928029	4.705183	0.288901
324.867885	4.791267	0.256349
323.817279	4.875681	0.212444
322.809433	4.952676	0.117992
321.828518	5.022746	-0.002202
320.894636	5.080757	-0.167230
320.019181	5.120282	-0.354810
319.192371	5.144437	-0.561159
318.434851	5.141519	-0.762314
317.703398	5.128434	-0.961556
317.034750	5.098933	-1.128642
316.376168	5.065369	-1.288923
315.754009	5.007837	-1.413363
315.134311	4.938289	-1.529123
314.520867	4.836733	-1.621793
313.897687	4.731219	-1.700304
313.262678	4.620988	-1.761801
312.599321	4.538313	-1.802292
311.919533	4.471442	-1.830722
311.181078	4.435476	-1.841407
310.429211	4.406415	-1.848107
309.593729	4.417332	-1.811848
308.745216	4.438099	-1.756605
307.839234	4.503404	-1.615546
306.915367	4.572584	-1.444553
305.960288	4.648604	-1.220864
304.990032	4.708966	-0.983789
304.007174	4.756198	-0.735484
303.028080	4.776069	-0.497857
302.050510	4.785582	-0.264267
301.131059	4.775932	-0.060184
300.229961	4.757892	0.137536
299.456283	4.674142	0.300914
298.734052	4.543472	0.452502
298.150870	4.286401	0.572310
297.657638	3.933077	0.667249
297.273418	3.463261	0.732090
296.992421	2.916623	0.741851
296.770900	2.325658	0.719949
296.609842	1.764011	0.612471
296.462217	1.208813	0.486014
296.337528	0.796538	0.282290
296.228074	0.419841	0.075568
296.189272	0.205618	-0.145377
296.162009	0.081890	-0.358826
296.155639	0.118382	-0.559285
296.143200	0.204055	-0.734446
296.125655	0.331140	-0.888356
296.121178	0.558162	-0.990220
296.121421	0.823221	-1.072330
296.180628	1.270306	-1.100242
296.250409	1.758747	-1.118582
296.370593	2.477883	-1.095839
296.490104	3.280506	-1.030581
296.608676	4.307869	-0.850453
296.740662	5.469923	-0.597552
296.889123	6.795042	-0.256379
297.158064	8.182801	0.104799
297.496830	9.606624	0.477588
298.150231	10.901547	0.813038
298.875187	12.167128	1.139977
300.004692	13.085040	1.351108
301.189994	13.921229	1.542329
302.623797	14.388425	1.644680
304.159236	14.741901	1.701243
305.874061	14.894496	1.677025
307.707458	14.942196	1.557837
309.640944	14.901578	1.358643
311.546093	14.647056	1.106157
313.441132	14.311074	0.833250
315.124936	13.886850	0.605428
316.757341	13.458785	0.391731
318.078725	13.087974	0.277255
319.259102	12.741196	0.181350
320.058736	12.459572	0.135630
320.652209	12.204948	0.101901
320.996167	11.983004	0.082691
321.222839	11.801424	0.103377
321.381686	11.643142	0.147109
321.347317	11.526005	0.237120
321.269023	11.418181	0.337674
321.000836	11.347455	0.450569
320.730513	11.278473	0.564093
320.453721	11.216922	0.679705
320.205684	11.159595	0.794464
320.008590	11.109667	0.907594
319.864634	11.082737	1.012891
319.765177	11.075073	1.111636
319.706421	11.096072	1.186075
319.662953	11.127931	1.251414
