393.509625
394.913557
396.246923
397.515186
398.730049
399.908402
401.071039
402.241157
403.442703
404.698677
406.029553
407.451912
408.977438
410.612288
412.356869
414.205978
416.149219
418.171647
420.254534
422.376237
424.513107
426.640443
428.733484
430.768463
432.723705
434.580778
436.325651
437.949781
439.451042
440.834358
442.111913
443.302819
444.432186
445.529615
446.627210
447.757325
448.950276
450.232281
451.623855
453.138772
454.783654
456.558108
458.455317
460.462894
462.563880
464.737727
466.961176
469.208971
471.454378
473.669521
475.825552
477.892699
479.840266
481.636627
483.249330
484.645384
485.791811
486.656572
487.209866
487.425784
487.284177
486.772398
485.886468
484.630998
483.017133
481.057817
478.759902
476.113029
473.075824
469.560731
465.419973
460.436949
454.330306
446.781710
437.500957
426.337255
413.423501
399.296827
384.897290
371.369600
359.719582
350.516752
343.816580
339.298463
336.478359
334.872297
334.075768
333.781378
333.766997
333.875813
333.998059
334.057366
334.001684
333.797774
333.428148
332.889456
332.191491
331.356141
330.415828
329.411162
328.387825
327.392925
326.471265
325.662039
324.996390
324.496094
324.173384
324.031757
324.067436
324.271173
324.630078
325.129285
325.753318
326.487128
327.316815
328.230074
329.216423
330.267274
331.375885
332.537241
333.747889
335.005746
336.309900
337.660412
339.058121
340.504467
342.001324
343.550854
345.155376
346.817260
348.538834
350.322312
352.169744
354.082976
356.063629
358.113087
360.232498
362.422786
364.684659
367.018632
369.425045
371.904085
374.455808
377.080156
379.776976
382.546034
385.387023
388.299578
391.283273
394.337628
397.462104
400.656098
403.918934
407.249853
410.647993
414.112373
417.641872
421.235196
424.890856
428.607125
432.382004
436.213174
440.097950
444.033223
448.015397
452.040328
456.103242
460.198666
464.320336
468.461114
472.612894
476.766514
480.911667
485.036815
489.129112
493.174332
497.156794
501.059257
504.862750
508.546211
512.085742
515.453077
518.612499
521.514832
524.085938
526.205175
527.665900
528.104996
526.882466
522.891514
514.307614
498.407654
471.926382
432.926626
384.692757
338.057541
304.830848
287.479361
280.641502
278.855022
279.146823
280.244108
281.650291
283.176976
284.751801
286.344936
287.941573
289.531624
291.105728
292.653561
294.162944
295.619199
297.004573
298.297654
299.472807
300.499671
301.342846
301.961936
302.312216
302.346231
302.016733
301.281255
300.108459
298.485911
296.428225
293.983649
291.236600
288.303822
285.323269
282.437254
279.773830
277.431390
275.470321
273.912786
272.748998
271.946807
271.461585
271.244387
271.247629
271.428372
271.749747
272.181142
272.697672
273.279321
273.909997
274.576637
275.268438
275.976227
276.691982
277.408492
278.119125
278.817719
279.498548
280.156369
280.786533
281.385142
281.949239
282.477019
282.968038
283.423389
283.845848
284.239933
284.611890
284.969561
285.322160
285.679942
286.053792
286.454762
286.893598
287.380286
287.923654
288.531071
289.208230
289.959056
290.785694
291.688594
292.666642
293.717335
294.836968
296.020804
297.263237
298.557903
299.897763
301.275124
302.681623
304.108150
305.544721
306.980309
308.402617
309.797815
311.150252
312.442146
313.653298
314.760876
315.739327
316.560532
317.194320
317.609504
317.775600
317.665358
317.258141
316.544013
315.528089
314.234423
312.708374
311.016392
309.242466
307.481212
305.828599
304.372120
303.182522
302.308704
301.776436
301.590443
301.738707
302.197638
302.937035
303.924153
305.126657
306.514490
308.060877
309.742691
311.540411
313.437844
315.421729
317.481313
319.607930
321.794624
324.035815
326.327013
328.664573
331.045495
333.467244
335.927604
338.424546
340.956098
343.520234
346.114746
348.737113
351.384352
354.052846
356.738124
359.434613
362.135313
364.831401
367.511747
370.162311
372.765416
375.298884
377.735036
380.039592
382.170542
384.077147
385.699327
386.967871
387.806059
388.133489
387.872932
386.960836
385.361337
383.082229
380.189382
376.814319
373.149424
369.427894
365.890997
362.751152
360.161904
358.203097
356.882887
356.152055
355.923359
356.089753
356.538114
357.157788
357.844866
358.503659
359.046804
359.395125
359.478062
359.235170
358.618903
357.598569
356.164929
354.334470
352.151999
349.690157
347.044830
344.326430
341.648290
339.114499
336.809832
334.793785
333.099405
331.736228
330.695766
329.957818
329.496233
329.283392
329.293161
329.502492
329.891970
330.445685
331.150720
331.996489
332.974087
334.075722
335.294274
336.622981
338.055227
339.584418
341.203915
342.906991
344.686799
346.536333
348.448363
350.415348
352.429299
354.481607
356.562814
358.662327
360.768063
362.866017
364.939747
366.969769
368.932858
370.801277
372.541967
374.115783
375.476898
376.572626
377.343971
377.727385
377.658266
377.076767
375.936220
374.213952
371.923199
369.123590
365.926479
362.491402
359.011661
355.690608
352.714193
350.227330
348.320334
347.027581
346.336151
346.199740
346.553152
347.324310
348.442593
349.843662
351.471595
353.279242
355.227588
357.284643
359.424225
361.624800
363.868475
366.140169
368.426956
370.717573
373.002055
375.271492
377.517876
379.734039
381.913640
384.051218
386.142277
388.183399
390.172365
392.108272
393.991624
395.824379
397.609936
399.353036
401.059565
402.736247
404.390216
406.028461
407.657136
409.280739
410.901142
412.516445
414.119643
415.697035
417.226346
418.674478
419.994911
421.124777
421.981888
422.462247
422.439149
421.765654
420.283096
417.838817
414.315763
409.673480
403.993538
397.513277
390.625750
383.829461
377.633636
372.452557
368.533019
365.940318
364.595144
364.332987
364.959117
366.285919
368.151834
370.427107
373.012130
375.832661
378.834374
381.977896
385.234742
388.584163
392.010783
395.502869
399.051066
402.647485
406.285032
409.956921
413.656303
417.375989
421.108234
424.844570
428.575680
432.291316
435.980251
439.630285
443.228300
446.760392
450.212063
453.568512
456.814997
459.937281
462.922127
465.757806
468.434559
470.944907
473.283706
475.447802
477.435120
479.243001
480.865613
482.290195
483.491893
484.426882
485.023422
485.170553
484.704439
483.393350
480.924588
476.901135
470.863121
462.357498
451.080478
437.092867
421.038720
404.204476
388.252127
374.669486
364.272239
357.089903
352.620344
350.179195
349.135188
349.000203
349.430881
350.197470
351.149422
352.187924
353.246651
354.279110
355.250636
356.133494
356.904011
357.541110
358.025839
358.341667
358.475422
358.418720
358.169736
357.735079
357.131434
356.386603
355.539539
354.639090
353.741374
352.905985
352.191552
351.651318
351.329464
351.258695
351.459325
351.939764
352.698074
353.724154
355.002104
356.512462
358.234085
360.145591
362.226378
364.457248
366.820731
369.301177
371.884681
374.558900
377.312791
380.136308
383.020050
385.954885
388.931521
391.940039
394.969340
398.006503
401.036020
404.038868
406.991395
409.863988
412.619509
415.211543
417.582543
419.662117
421.365867
422.595513
423.241354
423.188488
422.328342
420.576571
417.896846
414.327015
410.000199
405.150431
400.093730
395.183302
390.749708
387.045849
384.215319
382.291083
381.217956
380.885398
381.158527
381.900899
382.987987
384.313210
385.789205
387.346589
388.931772
390.504678
392.036792
