309.084369	7.808975	21.372208
309.446440	8.374517	21.458505
313.029463	14.494093	22.484007
316.815289	20.778526	23.131269
321.144117	27.485070	22.773503
326.496147	33.063237	19.720754
333.074354	37.278373	13.429143
341.428834	39.601029	4.676266
350.785529	40.834334	-5.484498
358.801740	40.616532	-12.318224
366.500187	40.075891	-18.399687
370.820567	35.009242	-19.692197
374.694228	29.615682	-20.241479
376.577004	22.711710	-17.411617
378.289749	16.421779	-13.802684
379.696318	11.224921	-8.771279
382.141679	6.648884	-5.400116
385.455594	2.603110	-3.438885
391.754818	-1.166955	-3.036923
399.189334	-4.833447	-3.236744
410.461707	-7.871230	-5.867439
422.247609	-10.749827	-8.787743
435.176815	-12.473712	-11.969272
447.366066	-13.536422	-14.583347
457.457056	-12.737197	-15.562085
465.583943	-10.674491	-15.381741
471.238200	-7.012519	-13.752756
474.690770	-2.856509	-11.056616
476.831746	1.621127	-7.691464
477.368363	4.549587	-5.543671
477.533171	7.116411	-3.674584
476.419323	8.435162	-2.894621
475.170605	9.639836	-2.195789
473.243165	10.328819	-1.862357
471.320719	10.906143	-1.600083
469.402942	11.269775	-1.474642
467.506688	11.549027	-1.390577
465.632602	11.753024	-1.343425
463.689178	11.879202	-1.330733
461.722951	11.975083	-1.331584
459.655175	12.015822	-1.352695
457.572383	12.048064	-1.375353
455.370191	12.039206	-1.395711
453.138396	12.008241	-1.413322
450.804443	11.909607	-1.424467
448.412980	11.797109	-1.427242
445.944089	11.666584	-1.419407
443.395436	11.526408	-1.390746
440.798064	11.380700	-1.348786
438.115451	11.231847	-1.271326
435.412927	11.082995	-1.184688
432.639227	10.967347	-1.051243
429.857616	10.865631	-0.910814
427.035746	10.829324	-0.737635
424.197469	10.819244	-0.551214
421.326346	10.858860	-0.338631
418.399055	10.929836	-0.110148
415.419998	11.029239	0.132956
412.306631	11.221909	0.380974
409.135403	11.453700	0.631074
405.757865	11.761796	0.852537
402.338752	12.083361	1.066331
398.766761	12.451913	1.217317
395.211803	12.818136	1.347874
391.726266	13.176044	1.413097
388.473023	13.506685	1.458557
385.534146	13.802476	1.476654
383.176668	14.059375	1.474424
381.187681	14.293151	1.458481
379.925119	14.433637	1.464685
378.846753	14.551983	1.475594
378.466729	14.634752	1.523866
378.190594	14.713073	1.578440
378.426515	14.756444	1.671169
378.757725	14.773871	1.742833
379.290164	14.736459	1.772697
380.070204	14.664614	1.735244
381.083691	14.563223	1.638808
382.359604	14.317867	1.367359
383.742550	14.015264	1.022298
385.227751	13.107134	0.501753
386.727292	12.083234	-0.038632
388.309007	10.524914	-0.462589
389.869965	8.999300	-0.840947
391.355731	7.590709	-1.063524
392.689916	6.402623	-1.211480
393.808069	5.529281	-1.255631
394.788794	4.932778	-1.244790
395.680138	4.524813	-1.198227
396.530744	4.287146	-0.909937
397.376039	4.098717	-0.553636
397.952187	3.968329	-0.021414
398.482344	3.848087	0.522034
398.775450	3.776850	1.088848
399.012724	3.733194	1.646055
399.128161	3.748491	2.182285
399.137926	3.910866	2.644751
399.050991	4.220655	3.034358
398.531936	4.561460	3.301479
397.815421	4.916090	3.510897
395.073624	5.318848	3.600323
392.020042	5.736134	3.668696
388.487039	6.325880	3.638097
385.293627	6.963198	3.617491
383.196617	7.767612	3.624521
381.762962	8.529813	3.588740
381.297570	9.234291	3.490409
381.282342	9.735191	3.217958
381.583915	10.096728	2.826179
382.569785	10.341361	2.468586
383.753771	10.553236	2.122215
385.108832	10.755172	2.002096
386.397021	10.952065	1.909141
387.226587	11.110429	1.933420
387.923720	11.222193	1.938736
388.324556	11.231310	1.906656
388.643617	11.140513	1.612773
388.877457	10.947378	1.052202
389.072315	10.535988	0.185303
389.251941	10.021305	-0.830590
389.671638	9.356568	-1.619517
390.183792	8.663734	-2.359510
391.904536	7.895207	-2.709494
393.933051	7.111222	-3.019451
397.066481	6.275141	-3.169677
399.995734	5.508382	-3.282284
402.620387	4.847545	-3.335221
404.533948	4.415401	-3.283715
405.928549	4.150280	-3.156401
406.721013	4.044997	-3.006078
407.323530	3.990476	-2.848151
407.324291	4.228195	-2.798991
407.202547	4.520757	-2.771041
406.453753	5.091458	-2.853786
405.168395	5.693959	-2.931543
402.626763	6.372658	-3.000272
399.958932	7.015686	-3.042292
397.144381	7.621316	-3.055877
394.550292	8.131774	-3.043411
392.067283	8.593927	-3.017168
389.664182	8.953373	-2.950437
387.275243	9.291228	-2.875425
384.853644	9.520151	-2.791721
382.431612	9.727534	-2.712084
380.006171	9.849749	-2.650148
377.606474	9.943034	-2.591465
375.247288	9.989718	-2.538613
372.934985	10.010587	-2.485368
370.658097	10.011592	-2.431914
368.432866	9.987356	-2.379761
366.224255	9.954590	-2.327963
364.070537	9.904798	-2.278810
361.926434	9.850887	-2.229631
359.834526	9.774394	-2.179492
357.759618	9.686334	-2.128168
355.728298	9.569560	-2.074156
353.725656	9.441645	-2.018826
351.755302	9.300907	-1.962088
349.823743	9.152186	-1.904405
347.911750	8.998886	-1.846289
346.048337	8.837891	-1.786553
344.193247	8.674762	-1.726577
342.398323	8.505331	-1.664460
340.613339	8.334987	-1.602298
338.879809	8.162978	-1.539484
337.169253	7.990224	-1.476758
335.499432	7.816761	-1.414073
333.865746	7.643582	-1.351227
332.260754	7.470641	-1.288251
330.705458	7.301264	-1.224828
329.166679	7.133012	-1.161263
327.687025	6.972005	-1.097638
326.216652	6.812243	-1.034046
324.796665	6.659155	-0.971002
323.388038	6.507230	-0.908436
322.011685	6.358461	-0.847270
320.652848	6.211344	-0.787679
319.315152	6.066231	-0.729975
318.003999	5.925634	-0.674379
316.707608	5.787730	-0.619897
315.446905	5.659209	-0.567389
314.193517	5.533007	-0.515192
312.984712	5.416501	-0.464658
311.783744	5.300803	-0.414020
310.621126	5.187748	-0.363360
309.475561	5.074298	-0.312021
308.360776	4.959965	-0.259571
307.271996	4.844189	-0.206637
306.204968	4.727243	-0.153342
305.171050	4.610272	-0.102152
304.149158	4.493453	-0.051852
303.165627	4.377588	-0.004852
302.188590	4.261563	0.041540
301.246539	4.140783	0.086273
300.314495	4.015825	0.131334
299.411945	3.879089	0.177496
298.536921	3.733057	0.225669
297.696454	3.575435	0.276342
296.924074	3.408799	0.329775
296.192289	3.236778	0.384745
295.595280	3.061708	0.438521
295.030853	2.886171	0.491791
294.668893	2.713378	0.533997
294.342725	2.542462	0.573125
294.176299	2.377680	0.599104
294.056406	2.219023	0.620140
294.021623	2.070804	0.632354
294.023602	1.936025	0.634001
294.058034	1.813337	0.626225
294.267440	1.710714	0.574723
294.549584	1.616967	0.504923
295.192283	1.541978	0.416359
295.890312	1.469436	0.329319
296.706616	1.390697	0.299136
297.501197	1.284861	0.282943
298.225246	1.097774	0.309123
298.925192	0.715234	0.502266
299.592848	0.075013	0.915797
300.379669	-1.150230	2.129511
301.244588	-2.746178	3.851989
302.791313	-4.837369	5.714640
304.526788	-7.051566	7.614069
308.752197	-8.755007	8.245438
313.890990	-10.276830	8.545312
323.470680	-10.970943	7.238750
334.940132	-11.200821	5.244214
350.069172	-10.536122	1.911030
365.004291	-9.445982	-0.795784
379.763786	-7.960371	-2.907652
390.139341	-6.471931	-3.684666
398.638773	-4.997238	-3.880655
402.946180	-3.697141	-3.182595
406.589347	-2.439169	-2.400981
408.801813	-1.267002	-2.168993
411.013656	-0.112271	-2.291039
413.259847	1.009483	-3.506457
415.510432	2.108794	-5.405832
417.781369	3.178820	-8.222023
420.075867	4.113823	-11.038813
422.367880	4.952959	-13.832943
424.780419	5.443393	-15.704744
427.182093	5.829103	-17.302354
429.564880	5.123719	-17.829216
431.807626	4.157795	-17.979253
433.492275	1.966317	-16.198755
434.810769	-0.083084	-13.911015
435.420266	-1.813241	-10.615174
435.560516	-2.969251	-7.868626
435.250164	-3.567424	-5.666227
433.881874	-3.854275	-4.274114
432.016425	-3.996889	-3.254708
429.658243	-3.951466	-2.711353
427.234724	-3.866396	-2.254557
425.007163	-3.608568	-2.015917
422.790711	-3.353547	-1.801775
420.597818	-3.117074	-1.666874
418.354353	-2.892071	-1.546807
416.036728	-2.685284	-1.447776
413.662293	-2.502718	-1.351959
411.248388	-2.337003	-1.258105
408.801948	-2.202409	-1.161520
406.345978	-2.077140	-1.063778
403.871783	-1.985593	-0.963427
401.395280	-1.899773	-0.861860
398.907830	-1.838994	-0.754888
396.416470	-1.784500	-0.642841
393.915982	-1.743324	-0.519829
391.408875	-1.705474	-0.388469
388.894912	-1.670896	-0.248513
386.371779	-1.631988	-0.099130
383.844248	-1.590874	0.054924
381.303299	-1.546939	0.217037
378.759667	-1.502631	0.380711
376.208634	-1.465606	0.546183
373.662234	-1.429669	0.708744
371.133979	-1.398209	0.860516
368.634981	-1.365435	1.000425
366.181435	-1.330608	1.122225
363.801715	-1.294351	1.231153
361.477369	-1.256532	1.330662
359.286978	-1.221747	1.422658
357.142011	-1.187022	1.512361
355.195492	-1.161523	1.604391
353.290043	-1.136371	1.697370
351.565644	-1.118255	1.794287
349.893749	-1.099127	1.889653
348.337886	-1.079932	1.980730
346.832280	-1.055474	2.058923
345.393025	-1.021892	2.122922
343.972477	-0.978664	2.159190
342.555870	-0.930820	2.180995
341.139186	-0.865620	2.180156
339.720471	-0.795454	2.174544
338.364600	-0.675816	2.149265
337.044509	-0.539691	2.124239
335.874334	-0.341409	2.099863
334.824598	-0.115704	2.075055
333.971328	0.153418	2.049365
333.323425	0.449475	1.991462
332.836794	0.766277	1.908177
332.582070	1.085860	1.713631
332.409159	1.406906	1.480081
332.397563	1.694301	1.138913
332.412219	1.979571	0.781646
332.531323	2.254615	0.373847
332.718271	2.557144	-0.037398
333.066972	2.922422	-0.453416
333.550473	3.359559	-0.834506
334.181824	3.877160	-1.173951
334.657648	4.445616	-1.416087
335.046533	5.040635	-1.603917
335.157900	5.580314	-1.675879
335.210022	6.105020	-1.722416
335.148162	6.464603	-1.697733
335.053912	6.788108	-1.650350
334.819680	6.964826	-1.505082
334.497672	7.089952	-1.262871
334.019953	7.127724	-0.855818
333.318534	7.098950	-0.367396
332.419965	7.012382	0.187300
331.238394	6.866780	0.673005
329.934506	6.694914	1.132687
328.353634	6.368793	1.394720
326.716381	6.011451	1.620580
324.931579	5.528723	1.685459
323.179858	5.040801	1.722323
321.532892	4.542684	1.684066
320.060959	4.071748	1.590369
318.803245	3.634735	1.429866
317.839927	3.278226	1.277373
317.048867	2.969913	1.129361
316.523064	2.767807	0.993153
316.059644	2.591858	0.859016
315.833198	2.535606	0.690077
315.637131	2.497756	0.507959
315.573953	2.540142	0.268522
315.529384	2.602915	0.022145
315.518278	2.702374	-0.235838
315.535752	2.830866	-0.475854
315.578790	2.984471	-0.700198
315.705563	3.172385	-0.884714
315.869684	3.373784	-1.053784
316.147052	3.591545	-1.164157
316.443982	3.810285	-1.263719
316.760139	4.026842	-1.307722
317.052307	4.239556	-1.341643
317.269980	4.444107	-1.344989
317.435972	4.636224	-1.338149
317.535335	4.813027	-1.317972
317.535424	4.942216	-1.293398
317.473497	5.041233	-1.265923
317.285097	5.067679	-1.238959
317.060333	5.073595	-1.211385
316.708402	5.013204	-1.200895
316.330170	4.927598	-1.190289
315.865360	4.728791	-1.183344
315.371732	4.507473	-1.173301
314.830535	4.243942	-1.158810
314.263064	3.989004	-1.143027
313.672943	3.742681	-1.126233
313.094261	3.533819	-1.105991
312.521537	3.342321	-1.084201
311.873257	3.212568	-1.030218
311.207689	3.096147	-0.968159
310.401479	3.031524	-0.843239
309.598868	2.978129	-0.688790
308.800218	2.956810	-0.438974
308.135603	2.952454	-0.069103
307.652278	2.970485	0.466936
307.469889	3.023199	1.434076
307.485332	3.097673	2.685454
308.038225	3.505512	5.229054
308.733908	3.999429	8.120436
310.702404	5.702766	11.931308
312.839649	7.555272	15.530539
315.763187	10.130039	17.729468
318.925321	12.801285	19.417488
322.588286	15.703949	20.037832
326.824188	18.192969	19.684001
331.600960	20.287695	18.382945
338.120504	21.612273	14.768006
345.376243	22.594750	10.117796
353.824921	22.738939	4.051010
362.246430	22.779085	-2.151692
368.580961	23.088918	-7.483055
374.066587	23.450904	-12.236499
376.970491	23.981127	-15.092729
379.022783	24.313224	-17.313694
379.885735	24.359448	-18.603310
379.288680	23.277719	-19.038733
377.682596	21.415652	-18.882622
375.717624	17.705527	-17.295485
373.656298	13.472571	-15.302612
373.398388	9.387628	-12.505240
374.084119	5.471902	-9.806938
380.489481	2.415536	-8.019402
390.771400	-0.343472	-6.772882
409.770675	-2.499127	-6.747724
430.944444	-4.565434	-7.326320
454.601162	-6.557815	-8.540647
484.827560	-7.870573	-10.499992
518.468161	-8.871014	-12.871158
548.398643	-7.678982	-13.564784
577.387135	-6.215668	-13.986718
591.644318	-5.969455	-13.209706
605.489391	-5.476596	-12.062610
617.514047	-3.957026	-9.441535
627.295519	-2.589959	-6.859563
633.512992	-1.474589	-4.344212
637.698695	-0.598878	-2.474454
640.368404	0.100107	-1.090885
643.509052	0.384758	-0.484733
646.852558	0.533472	-0.135056
652.832123	0.499667	-0.325008
659.057793	0.463487	-0.584818
664.857185	0.520342	-1.059781
669.522363	0.544080	-1.401616
671.227756	0.496894	-1.405816
671.687186	0.296296	-1.323637
670.729795	-0.073503	-1.141624
668.524710	-0.423584	-1.002014
665.663012	-0.764494	-0.884601
663.164170	-0.692989	-0.758162
660.759497	-0.529192	-0.624638
658.065905	0.279225	-0.204326
655.285041	1.048013	0.210021
652.036733	1.632852	0.587340
648.656509	2.108310	0.867390
645.035460	2.396810	0.982608
641.081073	2.674981	1.089754
636.855086	2.945389	1.191190
632.395059	3.163226	1.378753
627.848307	3.363344	1.599048
623.223239	3.515858	1.786242
618.587640	3.657787	1.960902
613.954929	3.729041	2.034590
609.350541	3.773632	2.081752
604.827152	3.746664	2.058151
600.437987	3.593234	2.010739
596.203899	3.288132	1.934921
592.345041	2.923341	1.829132
588.686589	2.523751	1.705548
585.782377	2.214966	1.581349
583.029982	1.927483	1.456826
581.239073	1.689226	1.306204
579.578298	1.439186	1.125939
578.556048	1.128265	0.809591
577.749265	0.797604	0.454215
577.333683	0.431654	0.030293
577.042194	0.060063	-0.419153
576.858687	-0.316398	-0.890505
576.607931	-0.711878	-1.397523
576.340814	-1.116616	-1.920652
575.760180	-1.492860	-2.458043
575.078254	-1.867999	-2.997290
573.327989	-2.239170	-3.510038
570.925250	-2.607520	-3.983787
566.607427	-2.962129	-4.342411
561.687150	-3.253998	-4.627171
555.997064	-3.463918	-4.817152
550.020229	-3.575314	-4.966889
543.867316	-3.625349	-5.091984
537.568075	-3.612109	-5.138260
531.229352	-3.581776	-5.165200
524.783822	-3.492051	-5.112789
518.302064	-3.411098	-5.037639
511.667877	-3.390683	-4.853309
504.976179	-3.378377	-4.611753
498.180527	-3.383404	-4.262594
491.337388	-3.359841	-3.861926
484.449477	-3.310283	-3.414430
477.613648	-3.238405	-2.909448
470.795260	-3.156721	-2.378897
464.328299	-3.091747	-1.816184
457.971941	-3.029390	-1.247967
452.545604	-2.984700	-0.681300
447.157432	-2.929143	-0.104862
441.886872	-2.841949	0.497836
436.618126	-2.755814	1.125757
431.352036	-2.672066	1.786753
426.232511	-2.634133	2.438089
421.206058	-2.625916	3.084117
416.458176	-2.668755	3.671937
411.782353	-2.725601	4.246055
407.538619	-2.805770	4.751362
403.412220	-2.889779	5.254071
399.892239	-2.988866	5.741892
396.715917	-3.135551	6.244214
394.242070	-3.378447	6.772797
392.350198	-3.779481	7.338690
391.016500	-4.332701	7.939084
390.270959	-5.141113	8.565692
389.784537	-6.064601	9.202159
389.651299	-7.183089	9.766718
389.572829	-8.321175	10.307962
389.637826	-9.304506	10.652119
389.795429	-10.177108	10.939835
390.268334	-10.690655	11.042758
391.412784	-11.026629	10.519808
393.533064	-11.108660	9.093966
398.438422	-10.594563	6.046255
405.310366	-9.658313	1.858429
415.103557	-7.143174	-2.913087
425.795667	-4.156256	-7.868900
435.766317	-1.159123	-11.874550
445.244081	1.648873	-15.532177
451.724513	3.221411	-17.257461
456.958811	4.446634	-18.480685
459.487345	4.917849	-18.617999
460.785832	5.199948	-18.140982
460.827079	5.289511	-17.019775
459.277029	5.230056	-14.797238
456.909024	5.095185	-12.034044
449.752959	4.089986	-8.999317
441.730540	2.906084	-5.935587
432.994042	1.049434	-3.481728
425.068464	-0.742121	-1.271627
420.034881	-2.287394	0.055347
416.090759	-3.556638	1.026849
413.796761	-4.402369	1.457479
412.241773	-4.917545	1.616907
411.236169	-5.187582	1.573589
410.789131	-5.266076	1.188664
410.528795	-5.281437	0.684332
410.720143	-4.994298	-0.095679
410.970829	-4.664506	-0.880861
411.390719	-4.201033	-1.522216
411.868543	-3.806652	-2.050176
412.476735	-3.582587	-2.306865
412.878846	-3.447638	-2.429209
413.056708	-3.411844	-2.403824
412.699687	-3.541027	-1.980702
412.048379	-3.756595	-1.340541
409.700984	-4.525590	0.096696
406.981853	-5.406118	1.692769
402.909329	-6.317388	3.146049
399.153389	-7.160253	4.455966
396.653208	-7.715189	5.187965
394.820555	-8.145653	5.738474
394.071877	-8.370121	5.992730
393.752402	-8.479207	6.080362
393.771295	-8.495959	6.034713
394.391093	-8.196178	5.335382
395.239514	-7.777519	4.390756
398.164561	-6.770228	2.250012
401.505785	-5.677302	-0.033603
406.634066	-4.341869	-2.543138
411.542813	-3.047267	-4.874637
415.849777	-1.868165	-6.736827
419.222508	-0.881738	-8.175708
421.494773	-0.125404	-9.114744
422.768041	0.334897	-9.607873
423.475962	0.627068	-9.848838
423.302637	0.622065	-9.668358
422.925089	0.548435	-9.388891
420.349102	0.285637	-8.377910
417.281367	-0.011407	-7.256029
412.178867	-0.443974	-5.691487
406.892380	-0.903299	-4.198706
401.334921	-1.407815	-2.844421
396.625610	-1.914627	-1.753228
392.645920	-2.422768	-0.887667
389.906700	-2.856190	-0.341570
387.656872	-3.258969	0.078846
386.342534	-3.529372	0.286059
385.197441	-3.773440	0.457656
384.677109	-3.912090	0.513746
384.271857	-4.035238	0.553724
384.169824	-4.119187	0.550694
384.160680	-4.221123	0.536662
384.264422	-4.347154	0.509146
384.334681	-4.499436	0.464650
384.382188	-4.668341	0.409649
384.259839	-4.811290	0.342169
384.091112	-4.947794	0.271416
383.947653	-5.007915	0.169362
383.823244	-5.057253	0.057612
383.813540	-5.059134	-0.101084
383.829958	-5.011115	-0.313593
383.898147	-4.866429	-0.629988
384.112071	-4.599033	-1.062638
384.462421	-4.218679	-1.602901
385.287459	-3.699192	-2.239474
386.324796	-3.118885	-2.918949
387.701657	-2.471516	-3.564242
389.122254	-1.813884	-4.196582
390.387651	-1.167076	-4.684274
391.527811	-0.534783	-5.126362
392.275379	0.049964	-5.427441
392.826365	0.599428	-5.665176
393.112340	1.100717	-5.817579
393.247704	1.554241	-5.917620
393.284970	1.976143	-5.983324
393.239213	2.327632	-6.011341
393.170182	2.658832	-6.028688
392.779127	2.889397	-6.018696
392.275676	3.100737	-5.995827
391.201126	3.229254	-5.904045
389.894742	3.335164	-5.767130
388.117949	3.396639	-5.536595
386.052579	3.440561	-5.257335
383.705172	3.467679	-4.930655
381.109989	3.487519	-4.575843
378.396525	3.503912	-4.207898
375.572332	3.517959	-3.844950
372.731340	3.529911	-3.484517
369.996436	3.511005	-3.169202
367.298946	3.480678	-2.866969
364.735249	3.412929	-2.610313
362.251349	3.338469	-2.373664
359.883676	3.254887	-2.166292
357.629800	3.161866	-1.978983
355.456117	3.062610	-1.805799
353.388317	2.958997	-1.639638
351.352950	2.854340	-1.475378
349.386696	2.743520	-1.295582
347.423546	2.629468	-1.109790
345.456063	2.494515	-0.892734
343.460826	2.347243	-0.665253
341.403824	2.172128	-0.415671
339.277734	1.974816	-0.164519
337.078351	1.753931	0.087886
334.798332	1.506510	0.317550
332.476428	1.245343	0.535632
330.124735	0.964957	0.706906
327.768889	0.680885	0.867512
325.506791	0.411582	0.967865
323.291404	0.154020	1.056674
321.254300	-0.057353	1.104053
319.343396	-0.236796	1.138458
317.630917	-0.365586	1.153087
316.120393	-0.452485	1.154639
314.765251	-0.506905	1.146178
313.674020	-0.529207	1.115477
312.675247	-0.539828	1.076769
311.982720	-0.478168	1.038035
311.348541	-0.398157	1.001013
310.971008	-0.222504	0.982342
310.661006	-0.030925	0.969128
310.512988	0.196851	0.969950
310.431607	0.436987	0.978457
310.425025	0.690600	0.995553
310.452497	0.942430	1.097440
310.498240	1.194429	1.245417
310.674489	1.424790	1.772283
310.882346	1.652459	2.384234
311.608590	1.858801	3.532590
312.458655	2.077005	4.705557
313.838771	2.338550	5.972275
315.400912	2.703204	7.128121
317.273166	3.242788	8.091641
319.251036	4.153306	8.828209
321.314989	5.368744	9.375697
323.280516	7.297280	9.716134
325.205653	9.489043	9.974887
