2009  68 15   3.2   3.2  -3.1  -0.2   39734.   3.1  353.
2009  68 16   3.3   3.2  -3.0  -0.7   36281.   3.0  355.
2009  68 17   3.4   3.3  -3.0  -0.4   35009.   3.0  363.
2009  68 18   3.3   3.2  -3.1  -0.3   35722.   3.1  359.
2009  68 19   3.1   3.1  -3.1   0.1   39802.   3.5  357.
2009  68 20   3.0   2.9  -2.9   0.3   38354.   3.2  357.
2009  68 21   2.9   2.9  -2.9   0.5   37982.   3.1  353.
2009  68 22   2.6   2.6  -2.5   0.1   36555.   2.8  350.
2009  68 23   2.5   2.5  -2.5  -0.1   37885.   2.7  348.
2009  69  0   2.3   2.3  -2.3   0.0   36509.   2.6  345.
2009  69  1   2.4   2.4  -2.3  -0.1   29223.   2.6  342.
2009  69  2   2.3   2.3  -1.6  -0.4   30176.   2.7  336.
2009  69  3   2.2   2.2  -1.8  -0.4   27762.   2.7  332.
2009  69  4   2.2   2.1  -2.0   0.4   22895.   2.4  326.
2009  69  5   2.3   2.2  -2.1   0.7   18502.   2.3  317.
2009  69  6   2.1   2.1  -1.9   0.8   15267.   2.0  310.
2009  69  7   2.0   1.9  -1.8   0.8   16045.   2.4  310.
2009  69  8   2.0   1.9  -1.6   0.9   14897.   2.8  311.
2009  69  9   1.6   1.5  -1.2   0.9   15775.   3.9  305.
2009  69 10   2.2   1.5  -1.1   1.1   15853.   6.1  315.
2009  69 11   2.7   2.6  -1.3   2.2   17121.   9.4  317.
2009  69 12   3.0   2.3  -0.6   1.3   20317.   8.5  318.
2009  69 13   4.3   4.3   1.1   0.1   14266.   6.4  318.
2009  69 14   4.0   3.9   1.3  -0.9   11194.   6.0  317.
2009  69 15   3.8   3.7   0.7  -2.0   19363.   7.3  328.
2009  69 16   3.7   3.5   1.4  -2.7   22210.   9.0  327.
2009  69 17   3.2   1.9   0.9  -1.6   26985.  10.3  327.
2009  69 18   4.3   1.3   0.3  -1.3   34246.   6.0  328.
2009  69 19   3.1   2.1   0.7   0.1   48993.   6.6  330.
2009  69 20   3.0   2.8  -0.1   2.8   52923.   7.3  331.
2009  69 21   2.6   1.7  -0.1   1.5   53893.   6.8  334.
2009  69 22   2.3   1.1  -0.3   0.8   42783.   9.1  338.
2009  69 23   2.5   2.3  -0.9   2.1   39466.   8.0  339.
2009  70  0   2.6   1.8  -0.6   0.3   39798.   7.0  341.
2009  70  1   2.7   2.3  -0.6   2.0   43125.   6.0  345.
2009  70  2   3.1   2.4  -0.1   2.4   42690.   5.6  344.
2009  70  3   2.3   1.7   0.0   0.0   24627.   8.2  342.
2009  70  4   2.3   1.9  -0.4   1.5   29142.   7.9  343.
2009  70  5   2.4   2.0  -0.4   1.9   24359.   8.4  342.
2009  70  6   2.6   2.2  -1.1  -0.2   23844.   8.2  342.
2009  70  7   3.1   2.7  -1.7   1.0   22859.   6.9  345.
2009  70  8   2.9   2.6  -0.6   0.7   20850.   6.8  339.
2009  70  9   3.4   3.2  -0.2   1.9   20567.   5.9  338.
2009  70 10   3.5   3.3   0.6   2.0   20637.   6.2  330.
2009  70 11   3.7   3.5  -1.3   2.6   15713.   6.1  341.
2009  70 12   3.3   2.9  -0.4   1.5   18542.   8.4  338.
2009  70 13   3.3   3.3   1.1  -0.4   18141.   9.1  336.
2009  70 14   2.6   2.5   0.9  -1.2   20493.  11.5  335.
2009  70 15   1.9   1.7  -0.2   0.3   21435.  13.2  335.
2009  70 16   2.4   2.3   1.2  -0.8   19022.  12.4  331.
2009  70 17   2.6   2.6   1.6  -1.1   14806.  12.9  327.
2009  70 18   3.0   3.0   1.9  -1.4   15016.  12.1  323.
2009  70 19   3.8   2.8  -0.4  -1.6   14868.   9.3  320.
2009  70 20   4.1   4.0  -2.2  -1.8   14639.   8.6  320.
2009  70 21   4.3   4.3  -1.8  -1.7   15001.  10.1  320.
2009  70 22   4.2   4.1  -0.3  -2.3   18672.  11.9  319.
2009  70 23   5.4   3.4  -1.0   0.4   26838.  22.0  328.
2009  71  0   8.5   7.4  -0.7   3.4   53971.   9.8  349.
2009  71  1   9.1   7.3   0.3  -0.5   39757.   8.4  355.
2009  71  2   9.8   9.0   0.8   1.5   28392.   7.0  356.
2009  71  3   9.9   9.5   1.5   4.1   28323.   5.7  354.
2009  71  4   9.6   9.5   2.0   7.3   27172.   6.0  355.
2009  71  5   9.6   9.4   1.0   8.6   22279.   5.8  353.
2009  71  6   9.5   9.3   1.5   9.0   17014.   6.6  350.
2009  71  7   9.6   9.5  -0.1   9.4   22765.   4.2  345.
2009  71  8   9.9   9.8  -0.7   9.2   16888.   3.7  344.
2009  71  9   8.9   8.6  -0.2   6.5   39569.   6.4  345.
2009  71 10   8.9   8.9   1.3   8.4   80854.   4.5  342.
2009  71 11   9.1   8.9   1.5   7.6   52038.   4.8  346.
2009  71 12   9.3   9.2   1.5   7.7   46572.   6.3  347.
2009  71 13   9.5   9.1   2.0   8.0   38489.   6.7  357.
2009  71 14  10.2  10.1   0.6   8.1   28268.   5.7  354.
2009  71 15  10.5  10.4  -0.3   8.5   27890.   6.5  354.
2009  71 16  10.6  10.1   2.8   9.1   32488.   7.7  359.
2009  71 17  11.3  11.2   0.2   7.0   29748.   6.2  361.
2009  71 18  12.7  12.6  -0.2   6.3   24565.   9.6  364.
2009  71 19  15.4  15.2  -0.6   2.4   23109.  11.1  381.
2009  71 20  14.5  14.4  -1.7  -2.2   48367.  17.0  376.
2009  71 21  17.5  17.4  -3.3  -1.4   24307.  19.2  388.
2009  71 22  17.9  17.6   1.0  -6.0   55204.  12.3  387.
2009  71 23  16.7  16.5   6.5 -11.5   79870.  17.2  378.
2009  72  0  16.1  15.6  11.6  -9.9   45182.  11.0  358.
2009  72  1  12.9  12.4   5.8 -10.9   72481.  18.3  376.
2009  72  2  10.8   5.2   2.9  -0.9  124754.  17.0  389.
2009  72  3  14.4  13.0  -4.0  11.1  151292.  10.9  425.
2009  72  4   9.7   8.1   2.8   3.4  396615.   7.5  462.
2009  72  5   8.6   7.9   5.9   1.6  351282.   5.9  518.
2009  72  6   8.6   8.4   5.6  -1.6  225164.   5.2  496.
2009  72  7   8.1   7.4   4.7  -3.5  170051.   9.5  463.
2009  72  8   6.0   5.1   2.9  -4.2  173350.  11.1  469.
2009  72  9   4.2   3.3  -2.2   2.1  160806.  10.5  499.
2009  72 10   4.7   3.1   1.2   0.8  139290.   6.6  499.
2009  72 11   5.3   3.2   2.3   0.3  240672.   3.7  530.
2009  72 12   5.4   4.4   3.0  -0.6  264794.   3.4  535.
2009  72 13   5.8   5.2   2.9   1.0  217636.   4.0  535.
2009  72 14   6.4   5.9   1.6   0.2  207199.   4.0  524.
2009  72 15   5.1   3.7   0.3   1.1  258098.   3.9  521.
2009  72 16   4.7   4.3   0.9  -0.1  276253.   3.5  526.
2009  72 17   4.9   3.8   0.8   0.9  224991.   3.5  532.
2009  72 18   5.0   4.7   4.2  -1.3  178239.   3.0  527.
2009  72 19   5.9   5.7   5.3  -1.7  111065.   1.7  542.
2009  72 20   5.9   5.4   5.1  -1.0  132078.   1.8  539.
2009  72 21   4.8   4.6   3.8   0.8   96834.   1.3  539.
2009  72 22   3.7   3.6   3.0   0.6   64207.   0.8  538.
2009  72 23   3.8   3.6   3.2   0.1   82672.   0.9  534.
2009  73  0   3.9   3.7   3.2  -1.5   77686.   1.0  534.
2009  73  1   3.4   3.1   2.2  -0.3  115142.   1.5  553.
2009  73  2   3.0   1.4   1.2  -0.5  122755.   2.0  566.
2009  73  3   3.2   1.3   0.4   0.8  142405.   2.3  566.
2009  73  4   3.2   2.2   1.8  -0.9  152422.   2.3  558.
2009  73  5   3.0   2.6   2.2  -0.8  151049.   2.4  557.
2009  73  6   3.1   2.6   1.6  -2.0  141579.   2.6  560.
2009  73  7   3.3   3.2   2.4  -2.1  123694.   2.3  547.
2009  73  8   3.0   1.9   1.4   0.8  150637.   2.8  562.
2009  73  9   3.7   2.9   2.8  -0.4  158939.   2.7  549.
2009  73 10   4.3   3.6   2.1  -2.4  157553.   2.8  548.
2009  73 11   4.5   4.2   3.1   0.6  158450.   3.0  531.
2009  73 12   4.6   4.1   0.6   3.0  166379.   2.7  542.
2009  73 13   4.2   3.5   0.4   3.0  187480.   2.7  541.
2009  73 14   4.0   3.2   2.7   1.4  183398.   2.9  526.
2009  73 15   3.6   3.2   1.2  -0.7  175638.   2.9  533.
2009  73 16   3.7   3.0   1.0  -1.4  182788.   2.7  539.
2009  73 17   2.8   2.5   1.0  -0.7  168921.   2.3  543.
2009  73 18   3.4   3.2   0.1   1.8  157973.   2.0  542.
2009  73 19   2.6   1.9   1.5   0.6  175295.   2.2  549.
2009  73 20   2.7   2.5   1.8   1.5  122828.   1.8  561.
2009  73 21   2.2   1.7   1.4   0.7  136097.   1.7  560.
2009  73 22   3.5   3.1   1.0  -2.8  113056.   1.9  548.
2009  73 23   2.9   2.6  -0.3  -2.3  136910.   2.4  537.
2009  74  0   2.7   1.8   0.4  -0.6  132583.   2.2  535.
2009  74  1   2.4   2.1   0.6  -1.0  113836.   2.3  527.
2009  74  2   2.5   2.0  -1.8  -0.8   97618.   2.3  523.
2009  74  3   2.7   2.7  -2.6   0.3  116641.   2.7  510.
2009  74  4   2.8   1.2   0.2  -0.8   95062.   2.7  510.
2009  74  5   2.5   2.1   1.9   0.9  108123.   2.4  497.
2009  74  6   2.8   1.9   1.7   0.4   85969.   3.8  494.
2009  74  7   3.2   2.8   2.2  -0.4  147598.   2.7  542.
2009  74  8   3.7   3.4   2.6  -0.9  145771.   2.8  535.
2009  74  9   4.3   4.1   3.3  -2.4  134544.   3.0  517.
2009  74 10   3.5   2.8   2.1   1.8  150858.   3.1  524.
2009  74 11   3.1   2.3   1.3   1.8  146456.   2.5  523.
2009  74 12   2.4   1.3   1.3   0.0  114509.   1.4  529.
2009  74 13   2.3   1.9  -1.4   0.9   86364.   1.8  512.
2009  74 14   1.9   1.4   1.3   0.0   76992.   3.0  476.
2009  74 15   2.8   2.6   2.0   1.1   70550.   2.5  473.
2009  74 16   2.4   1.9   1.8   0.1   59680.   3.8  476.
2009  74 17   3.9   3.5   3.0   0.2   73421.   2.1  492.
2009  74 18   3.4   3.4   3.0   1.0   82276.   2.2  501.
2009  74 19   2.9   2.9   2.3   1.4   72972.   1.9  499.
2009  74 20   2.8   2.8   2.3   1.4   57509.   1.8  488.
2009  74 21   3.0   2.7   2.6   0.8   52984.   2.6  471.
2009  74 22   3.5   3.4   1.9   1.7   43254.   3.4  459.
2009  74 23   3.4   3.3   2.2   1.2   34280.   3.8  452.
2009  75  0   3.4   3.3   2.5   0.9   31674.   4.1  448.
2009  75  1   3.6   3.6   3.5  -0.6   39352.   3.8  437.
2009  75  2   3.3   3.2   3.1  -0.6   63879.   2.2  453.
2009  75  3   3.4   3.3   3.3  -0.2   49116.   1.4  460.
2009  75  4   3.3   3.2   3.1  -0.5   52584.   1.5  460.
2009  75  5   3.9   3.9   3.5  -0.6   66515.   1.7  451.
2009  75  6   3.4   3.3   2.8  -0.4   66971.   2.2  440.
2009  75  7   3.1   3.0   2.3   0.3   49583.   3.5  423.
2009  75  8   2.4   2.0   1.0   0.8   44245.   5.4  414.
2009  75  9   4.0   3.8   2.5  -1.5   37649.   4.4  419.
2009  75 10   1.9   1.0   0.5  -0.6   32784.   8.9  420.
2009  75 11   1.1   0.7   0.0  -0.3   29317.   9.9  420.
2009  75 12   3.1   3.0  -1.8   0.7   37186.   5.8  410.
2009  75 13   3.9   3.8  -2.2   1.0   42217.   3.9  403.
2009  75 14   4.2   4.2  -2.1   0.4   44280.   3.9  399.
2009  75 15   4.4   3.9   0.8  -0.2   44069.   4.0  415.
2009  75 16   3.8   3.5  -1.3  -0.9   43132.   6.3  404.
2009  75 17   3.3   3.2  -1.0  -2.0   42728.   7.3  409.
2009  75 18   3.4   2.7   0.5   0.3   49848.   6.5  416.
2009  75 19   4.3   4.1  -0.2   0.1   50955.   4.7  414.
2009  75 20   3.4   2.6  -0.5   0.6   60160.   5.7  416.
2009  75 21   3.6   3.3   1.1   2.3   53277.   5.7  424.
2009  75 22   3.7   3.5   0.2  -0.4   56506.   5.4  419.
2009  75 23   3.6   3.0  -0.5  -1.2   51128.   5.4  414.
2009  76  0   3.5   3.2  -1.9  -2.0   49987.   5.2  398.
2009  76  1   3.6   3.3  -1.8  -1.2   45145.   3.6  398.
2009  76  2   3.4   3.3  -0.4  -1.0   45224.   3.1  402.
2009  76  3   3.3   3.2  -1.0  -0.9   40310.   3.1  399.
2009  76  4   3.2   3.1  -0.2  -1.1   39004.   3.3  397.
2009  76  5   2.9   2.8  -1.4  -1.2   40790.   3.4  389.
2009  76  6   2.7   2.6  -0.5  -1.2   41627.   3.4  391.
2009  76  7   2.4   2.3  -1.0  -0.9   40866.   3.4  384.
2009  76  8   2.6   2.4  -1.6   0.3   39960.   3.5  379.
2009  76  9   2.1   1.9  -1.8   0.4   36025.   4.6  379.
2009  76 10   1.7   1.5  -1.2   0.3   30263.   5.2  377.
2009  76 11   1.8   1.7  -1.6   0.2   29300.   5.6  373.
2009  76 12   2.0   1.9  -1.9   0.0   30480.   5.5  372.
2009  76 13   1.3   1.2  -1.2   0.2   26264.   6.6  375.
2009  76 14   1.2   1.1  -0.2   0.4   18825.   8.5  375.
2009  76 15   2.6   2.2   0.4  -0.3   21405.   6.9  377.
2009  76 16   3.1   2.5   1.5  -1.3   23678.   7.4  373.
2009  76 17   1.5   0.4   0.2  -0.2   25051.   8.5  376.
2009  76 18   2.4   2.4   0.0   1.2   21268.   7.4  378.
2009  76 19   2.1   1.6   0.3  -1.0   21998.   7.3  376.
2009  76 20   1.0   1.0   0.4  -0.8   24527.   6.8  372.
2009  76 21   1.4   1.3   0.6  -1.2   31721.   5.7  372.
2009  76 22   1.7   1.4   0.5  -1.3   32434.   5.0  371.
2009  76 23   2.1   2.0   1.9  -0.6   35812.   4.4  363.
2009  77  0   1.9   1.6   1.1  -0.5   31117.   4.8  367.
2009  77  1   2.2   2.0   1.6   0.6   31581.   4.2  361.
2009  77  2   2.2   2.1   1.6   0.9   29314.   4.0  360.
2009  77  3   1.3   1.1   0.9   0.4   20048.   5.8  365.
2009  77  4   1.6   1.5   1.0   1.0   16733.   6.2  362.
2009  77  5   2.1   2.0   1.1   0.3   18573.   5.8  357.
2009  77  6   1.7   1.6   0.9  -0.9   15573.   6.5  356.
2009  77  7   1.1   1.0   0.3  -1.0   14994.   6.6  351.
2009  77  8   0.8   0.6   0.4  -0.2   12791.   6.4  348.
2009  77  9   1.5   1.4   1.3   0.5   17214.   5.0  344.
2009  77 10   2.3   2.3   2.0   0.8   18945.   4.3  345.
2009  77 11   2.3   1.9   1.9   0.0   15716.   4.5  344.
2009  77 12   1.4   1.3   0.3  -1.1   12281.   6.2  341.
2009  77 13   1.5   1.1   0.0  -0.7   12178.   5.7  341.
2009  77 14   1.7   1.7  -1.2  -0.7    7906.   6.7  339.
2009  77 15   1.4   1.3  -1.0  -0.2    8644.   7.4  338.
2009  77 16   1.5   1.4  -1.2   0.2   10750.   9.5  341.
2009  77 17   1.9   1.8  -1.7   0.6   12787.  13.0  343.
2009  77 18   2.0   1.7  -1.0   0.6   12979.  12.6  338.
2009  77 19   1.8   1.8  -1.5   0.0   10561.  12.8  333.
2009  77 20   1.7   1.7  -1.4  -0.1    9552.  12.9  328.
2009  77 21   1.8   1.7  -1.6  -0.3    8891.  12.4  324.
2009  77 22   2.0   1.9  -1.8  -0.4    9466.  12.2  324.
2009  77 23   3.0   2.9  -2.7  -1.0   11044.  12.1  328.
2009  78  0   4.5   4.4  -3.9  -1.3   13497.  15.5  331.
2009  78  1   3.4   1.5  -0.9   0.0   15661.  18.3  327.
2009  78  2   1.9   1.7   1.2   1.0   16671.  17.9  322.
2009  78  3   3.4   2.0   1.7   0.6   20819.  13.0  312.
2009  78  4   3.8   3.3   3.0  -0.5   26885.  12.3  311.
2009  78  5   3.5   3.1  -1.3  -1.8   25573.  13.6  324.
2009  78  6   3.7   3.6  -2.3  -2.0   22179.  12.7  323.
2009  78  7   4.1   3.0   2.0   0.4   21170.   8.9  307.
2009  78  8   4.6   4.5   3.5   1.8   18411.   5.6  311.
2009  78  9   4.3   4.2   3.5   1.7   21549.   5.5  316.
2009  78 10   4.0   3.9   3.1   1.1   18209.   5.6  311.
2009  78 11   3.6   3.6  -3.1  -1.6   21277.   6.8  313.
2009  78 12   2.8   2.7  -2.2  -1.6   18998.   8.5  309.
2009  78 13   2.3   2.2  -1.9  -0.6   12961.   9.7  305.
2009  78 14   2.0   1.9  -1.9  -0.4   13498.   9.2  306.
2009  78 15   1.9   1.9  -1.8  -0.3   12771.   8.9  306.
2009  78 16   1.6   1.6  -1.4  -0.6   11342.   9.2  303.
2009  78 17   1.9   1.9  -1.7  -0.6   13402.   8.7  301.
2009  78 18   1.6   1.5  -1.3  -0.6    9725.   9.5  299.
2009  78 19   1.9   1.9  -1.6  -0.5    7857.   9.1  296.
2009  78 20   1.7   1.7  -1.3  -0.6    8115.   9.2  293.
2009  78 21   0.9   0.9  -0.4  -0.6   10695.  10.9  293.
2009  78 22   1.8   1.5   0.0  -1.0   19000.  10.5  293.
2009  78 23   3.7   2.9   1.5  -0.4   22596.   7.1  298.
2009  79  0   4.1   4.0   3.0   1.3   19779.   6.9  297.
2009  79  1   3.7   3.6   3.1   1.8   17401.   7.7  293.
2009  79  2   3.4   2.8   2.1   1.8   21837.   7.7  298.
2009  79  3   4.4   4.0   2.3   2.9   23095.   6.8  309.
2009  79  4   4.7   4.7   2.6   3.8   24074.   7.5  316.
2009  79  5   5.0   4.5   2.4   3.2   35728.   8.9  319.
2009  79  6   4.8   3.8   1.0  -0.8   33132.   9.5  320.
2009  79  7   4.1   4.1  -0.7   4.0   38282.   9.8  318.
2009  79  8   4.1   4.0  -1.2  -1.6   37213.   9.8  314.
2009  79  9   4.7   4.6  -1.3  -1.9   35256.   8.5  309.
2009  79 10   4.9   4.1  -1.6   0.8   31487.   8.6  309.
2009  79 11   4.3   3.6   0.3   3.4   39621.   6.8  310.
2009  79 12   4.5   4.0  -0.4   3.9   45855.   6.2  315.
2009  79 13   4.9   4.5  -1.1   3.9   54601.   6.9  316.
2009  79 14   6.2   5.9  -3.3  -2.6   52174.   7.9  322.
2009  79 15   5.7   5.4  -2.5  -4.7   51561.   8.8  320.
2009  79 16   5.8   4.4  -2.0  -3.9   43639.   7.9  333.
2009  79 17   6.6   6.1  -4.8  -3.0   30777.   5.5  335.
2009  79 18   7.7   7.7  -4.1  -1.9   40118.   6.1  348.
2009  79 19   8.5   7.5  -5.7  -2.2   47451.   5.0  351.
2009  79 20   9.5   9.2  -7.6  -0.9   55405.   5.4  341.
2009  79 21   8.8   5.6  -0.8   4.1   79653.   6.3  387.
2009  79 22   8.6   8.1   1.8   6.8   84224.   7.2  405.
2009  79 23   8.8   8.1   1.3   7.0   78499.   7.7  408.
2009  80  0   9.4   9.2   2.2   7.9   61816.   7.2  412.
2009  80  1   9.7   9.6   1.0   7.7   53166.   7.1  406.
2009  80  2   9.3   9.2  -0.1   7.5   54780.   8.8  393.
2009  80  3   9.6   8.9   0.0   6.2   41326.  11.7  391.
2009  80  4   8.7   8.0  -0.1   4.9   44782.  14.5  390.
2009  80  5   9.4   9.2   2.6   8.0   38541.  14.6  407.
2009  80  6   9.9   9.4   1.3   7.3   49099.  13.3  401.
2009  80  7   9.9   9.1   0.5   6.0   58714.   9.1  400.
2009  80  8   9.7   9.5  -3.7   1.3  104842.   5.7  410.
2009  80  9   8.4   5.7  -2.2  -1.9  190523.   6.1  424.
2009  80 10   8.5   7.6  -1.6  -7.4  231937.   5.9  437.
2009  80 11   7.9   7.6  -2.9  -7.0  231968.   6.4  421.
2009  80 12   9.1   8.5  -0.9  -3.6  209264.   5.3  418.
2009  80 13   8.2   7.7   0.2   0.3  192136.   5.4  407.
2009  80 14   7.7   7.5   0.1  -0.4  211314.   4.5  402.
2009  80 15   8.2   8.2   0.8  -1.4  178618.   4.5  404.
2009  80 16   4.7   3.0   0.9  -1.6  237934.   7.0  397.
2009  80 17   6.2   5.9   0.6  -1.2  229620.   6.1  398.
2009  80 18   8.6   8.5  -0.1  -4.4  132563.   4.4  402.
2009  80 19   8.0   7.7  -1.1  -5.7  133533.   5.8  405.
2009  80 20   8.0   7.9  -2.8  -7.2  106723.   6.0  397.
2009  80 21   7.5   6.7  -2.0  -6.0   85853.   7.1  390.
2009  80 22   8.0   7.7  -2.4  -3.4   77179.   6.2  388.
2009  80 23   7.5   7.2  -2.5  -2.3   83384.   5.4  389.
2009  81  0   7.3   7.1  -1.5   0.9   70336.   3.2  384.
2009  81  1   7.0   6.2  -3.6  -2.1   84088.   4.5  381.
2009  81  2   7.0   6.9  -4.6  -3.8   69283.   3.4  386.
2009  81  3   5.9   3.9  -1.7  -0.5  111513.   3.6  400.
2009  81  4   6.1   5.8   1.4   4.3  117931.   2.8  416.
2009  81  5   5.2   5.0   0.3   3.3  190312.   3.0  419.
2009  81  6   4.8   4.2  -0.3   2.8  148029.   2.9  435.
2009  81  7   5.1   5.0  -0.6   3.4   75016.   2.3  438.
2009  81  8   3.5   3.2  -1.9   1.7   90438.   3.5  437.
2009  81  9   3.7   3.6  -3.6  -0.2   73936.   2.8  429.
2009  81 10   3.6   2.6  -1.7   1.2   84302.   2.8  426.
2009  81 11   4.1   3.8   0.6   3.1   75589.   2.6  424.
2009  81 12   3.3   3.2  -1.5   1.9   51790.   1.7  408.
2009  81 13   3.0   2.8  -1.9   1.3   75087.   3.3  418.
2009  81 14   2.8   2.5  -0.9   1.6   74481.   3.4  425.
2009  81 15   3.2   3.0   0.4   2.6   60182.   3.4  435.
2009  81 16   3.0   2.8  -0.4   2.2   59019.   3.7  429.
2009  81 17   3.0   2.6   0.0   2.5   57283.   3.7  432.
2009  81 18   2.9   2.5  -0.7   2.2   56026.   3.4  424.
2009  81 19   3.2   2.8  -2.1   1.7   51179.   2.8  408.
2009  81 20   3.3   3.0  -2.9  -0.5   48670.   2.6  403.
2009  81 21   3.3   2.7  -1.8  -2.0   57699.   3.0  416.
2009  81 22   3.3   3.0  -1.7   0.8   56159.   2.8  417.
2009  81 23   3.5   3.4  -2.0   1.1   56964.   2.4  416.
2009  82  0   3.7   3.6  -1.8   1.2   45791.   2.2  413.
2009  82  1   3.4   3.3  -1.2   1.0   55062.   2.4  417.
2009  82  2   3.0   2.7  -0.8   0.5   50820.   2.3  415.
2009  82  3   2.4   1.6  -0.9   1.2   57481.   2.5  404.
2009  82  4   2.6   2.3  -2.2  -0.3   47349.   1.9  394.
2009  82  5   2.8   2.6  -1.4   0.4   38531.   2.2  402.
2009  82  6   2.7   2.6  -2.0   0.7   41699.   2.1  396.
2009  82  7   2.7   2.4  -1.5   0.9   41942.   2.3  391.
2009  82  8   2.6   2.5   0.0   0.8   39168.   2.6  404.
2009  82  9   2.5   2.4  -0.8   1.2   42357.   2.6  395.
2009  82 10   2.5   1.5  -0.5   0.9   45697.   2.6  395.
2009  82 11   2.7   2.2  -0.4   1.3   46120.   2.6  394.
2009  82 12   2.8   2.7   0.5   1.1   46026.   2.8  394.
2009  82 13   2.8   2.8  -0.9   1.8   46013.   2.5  381.
2009  82 14   2.7   2.6  -0.2   1.8   48148.   2.6  382.
2009  82 15   3.0   2.2  -1.6   0.7   35932.   2.4  364.
2009  82 16   3.7   3.6  -2.1   0.7   31587.   2.6  367.
2009  82 17   4.3   4.1  -1.8  -0.4   43630.   3.7  380.
2009  82 18   5.8   5.6  -2.0   0.2   45004.   4.8  392.
2009  82 19   6.4   5.1   0.2   4.2   55581.   7.2  410.
2009  82 20   6.8   6.0  -1.5   3.6   45946.   7.1  391.
2009  82 21   6.9   6.2  -1.8   4.2   54297.   4.4  392.
2009  82 22   6.7   6.3  -5.5  -0.4   46682.   4.2  362.
2009  82 23   6.7   6.5  -6.1   0.1   61787.   5.0  355.
2009  83  0   6.2   6.1  -5.8  -0.7   75344.   5.5  362.
2009  83  1   5.5   3.8  -3.3  -1.5   91481.   6.5  376.
2009  83  2   6.9   6.2  -3.5  -1.9   76622.   6.2  381.
2009  83  3   6.2   6.0  -3.0  -5.0   69689.   5.7  370.
2009  83  4   5.2   4.8  -1.0  -3.6   98570.   6.7  376.
2009  83  5   6.0   5.1  -2.1  -4.0   58200.   5.2  359.
2009  83  6   6.7   6.6  -0.1  -4.3   43794.   5.5  372.
2009  83  7   6.0   5.4  -3.2  -4.1   68209.   5.1  380.
2009  83  8   4.8   4.3  -1.0  -3.4   94195.   5.9  379.
2009  83  9   4.6   4.1   0.9  -3.2  106372.   6.6  396.
2009  83 10   4.0   2.8  -2.4  -1.4  107326.   6.4  392.
2009  83 11   3.9   3.0   0.9   2.5  100638.   6.1  395.
2009  83 12   3.7   3.1  -2.9  -1.0   95523.   6.9  385.
2009  83 13   5.9   5.4  -3.9  -3.7   84863.   6.1  407.
2009  83 14   5.2   4.0  -1.5   1.0  103372.   5.3  425.
2009  83 15   6.1   5.8   2.9   4.7  141466.   3.2  450.
2009  83 16   4.0   3.2   1.7   1.9  169141.   3.9  478.
2009  83 17   2.8   2.3  -1.1   0.5  149625.   3.6  470.
2009  83 18   3.0   2.5  -1.3   0.9  106129.   3.4  458.
2009  83 19   3.3   3.1  -2.7  -0.3  101715.   4.0  444.
2009  83 20   3.7   2.3  -1.4   0.8  138541.   3.9  473.
2009  83 21   5.7   5.0  -2.9  -1.4  124375.   3.2  494.
2009  83 22   6.0   5.2  -1.9  -3.0  144391.   3.4  488.
2009  83 23   5.7   5.1  -3.8  -2.5  128827.   3.7  487.
2009  84  0   4.9   3.4  -1.2  -1.7  125018.   3.9  493.
2009  84  1   4.3   3.5  -2.9  -2.0  112603.   3.6  486.
2009  84  2   4.3   3.9  -2.6  -2.9  104309.   3.2  490.
2009  84  3   4.5   3.7  -2.2  -2.9   94638.   3.1  490.
2009  84  4   4.2   3.8  -2.2  -3.1   87348.   3.2  487.
2009  84  5   3.6   2.4  -1.7  -0.8   89947.   3.2  488.
2009  84  6   3.3   2.6  -1.2   1.0   92438.   3.2  491.
2009  84  7   3.5   2.5  -2.2  -1.1   87488.   3.1  483.
2009  84  8   3.5   3.0  -2.4  -1.3   84996.   2.8  482.
2009  84  9   3.4   3.1  -2.4  -1.8   82286.   2.5  477.
2009  84 10   3.3   2.6  -2.3  -1.0  101587.   2.3  481.
2009  84 11   3.3   2.9  -2.3  -0.7   92820.   2.3  474.
2009  84 12   3.3   1.6  -0.5   0.0   89109.   2.3  491.
2009  84 13   3.2   2.4  -0.5   0.3   88450.   2.2  489.
2009  84 14   3.2   2.9   0.5   0.6   81049.   2.4  496.
2009  84 15   3.3   3.0  -2.5   0.6   83205.   2.3  464.
2009  84 16   3.3   3.0  -2.7   0.7   79344.   2.3  461.
2009  84 17   3.1   2.8  -2.4  -0.1   86032.   2.3  465.
2009  84 18   3.9   3.8  -3.8  -0.2   72748.   1.7  485.
2009  84 19   4.0   3.8  -3.7  -0.1   77287.   1.8  482.
2009  84 20   3.7   3.4  -2.4  -1.6   78671.   2.5  459.
2009  84 21   3.6   2.9  -2.1   1.5   80766.   2.9  462.
2009  84 22   3.7   2.1  -0.9   1.2   84219.   3.0  470.
2009  84 23   3.9   3.5  -1.9  -0.6   91807.   3.3  464.
2009  85  0   3.7   2.9  -2.1  -1.8   95084.   3.3  472.
2009  85  1   4.1   3.4  -2.1  -2.3   93704.   3.3  473.
2009  85  2   3.2   2.2  -0.9  -1.3  106863.   3.1  486.
2009  85  3   3.5   2.7  -1.7  -1.8   91306.   3.0  479.
2009  85  4   3.9   3.6  -2.9  -1.8   94257.   3.1  478.
2009  85  5   4.2   3.6  -3.3  -1.6   94753.   3.0  473.
2009  85  6   4.4   4.3  -1.5  -1.1   96331.   3.6  475.
2009  85  7   4.2   2.9  -1.4   2.3  105614.   3.7  477.
2009  85  8   3.6   1.5  -0.8   1.1  101234.   3.5  478.
2009  85  9   3.4   1.1  -0.5  -0.9   95210.   3.5  476.
2009  85 10   3.7   3.4  -2.7  -2.0   83638.   3.5  454.
2009  85 11   3.5   2.5  -2.3  -1.0   84838.   3.3  455.
2009  85 12   3.7   3.0  -1.0  -0.9   75508.   3.2  460.
2009  85 13   3.3   1.6  -1.2  -1.1   76610.   3.0  459.
2009  85 14   3.3   2.5  -1.4  -0.2   72357.   2.8  458.
2009  85 15   3.4   2.9  -1.8   1.2   74674.   2.9  455.
2009  85 16   3.7   3.4  -3.0  -0.2   73329.   2.9  442.
2009  85 17   3.6   3.4  -3.2  -1.0   68967.   2.9  440.
2009  85 18   3.7   3.5  -2.7  -2.3   60911.   2.8  441.
2009  85 19   3.5   3.3  -2.2  -2.5   58313.   2.7  437.
2009  85 20   3.3   3.1  -2.5  -1.9   56629.   2.6  431.
2009  85 21   3.3   3.1  -2.8  -1.5   55207.   2.4  426.
2009  85 22   3.1   3.0  -2.6   0.2   66780.   2.3  424.
2009  85 23   3.2   3.1  -3.0   0.0   61593.   2.1  416.
2009  86  0   3.1   2.9  -2.2   0.2   56503.   2.4  421.
2009  86  1   3.2   2.7  -0.6   1.9   55676.   2.6  434.
2009  86  2   3.3   3.1  -0.6   1.6   49882.   2.8  432.
2009  86  3   4.1   3.8  -1.9   3.1   43502.   2.9  418.
2009  86  4   3.8   3.7  -1.1   3.5   49610.   2.8  421.
2009  86  5   3.3   2.8  -0.9   1.5   59005.   3.0  422.
2009  86  6   3.2   2.8  -1.9   0.6   56094.   2.9  412.
2009  86  7   3.2   2.5  -0.4   1.8   53972.   3.2  412.
2009  86  8   2.9   2.0  -1.6   0.7   58223.   3.2  409.
2009  86  9   2.8   2.4  -2.1   0.7   62665.   3.3  410.
2009  86 10   2.5   1.8  -0.8   1.6   66404.   3.7  417.
2009  86 11   2.5   1.6  -1.3   0.5   65261.   3.8  410.
2009  86 12   3.5   3.1  -2.2  -0.1   63423.   4.2  407.
2009  86 13   4.3   4.0  -3.6  -1.6   66858.   4.4  412.
2009  86 14   4.2   4.0  -2.1  -1.4   72741.   5.0  416.
2009  86 15   4.7   3.8  -1.6  -0.8   61237.   4.4  423.
2009  86 16   4.4   3.9  -2.1  -1.6   71902.   4.8  426.
2009  86 17   4.7   4.5  -3.7  -2.3   58085.   4.8  416.
2009  86 18   5.0   4.9  -3.8  -2.9   57619.   4.3  417.
2009  86 19   4.9   4.6  -3.7  -2.5   55203.   3.4  420.
2009  86 20   3.8   3.6   3.4   1.1   55779.   4.3  438.
2009  86 21   3.4   3.4   3.2  -0.1   56586.   3.9  434.
2009  86 22   3.2   3.2   2.9  -0.4   53416.   3.7  432.
2009  86 23   3.3   3.2   2.2   0.8   52706.   3.7  421.
2009  87  0   2.6   2.5   1.9   1.3   55371.   4.2  420.
2009  87  1   2.5   1.5   1.2   0.6   59121.   4.0  404.
2009  87  2   2.7   2.4   1.9   1.1   62848.   4.7  409.
2009  87  3   2.6   1.7  -0.7   0.9   67386.   4.5  399.
2009  87  4   3.2   2.9  -2.7   0.5   67517.   4.2  393.
2009  87  5   3.0   2.4  -1.9   1.2   67623.   4.4  395.
2009  87  6   3.5   3.2  -1.3   1.1   63660.   4.1  392.
2009  87  7   3.1   2.8  -2.5  -0.1   58656.   3.9  382.
2009  87  8   3.2   3.2  -2.5  -0.2   61239.   3.6  383.
2009  87  9   3.5   3.3  -2.6  -0.7   70168.   3.6  385.
2009  87 10   3.7   3.6  -2.8  -0.5   68238.   3.8  386.
2009  87 11   3.6   3.0   0.1   1.2   67785.   4.4  395.
2009  87 12   3.5   3.2   1.2   1.8   57209.   4.0  396.
2009  87 13   3.3   2.2   0.2   0.7   59789.   3.9  391.
2009  87 14   3.3   3.2   2.2   1.2   57727.   3.9  390.
2009  87 15   3.3   3.2   1.8   2.4   60621.   3.9  389.
2009  87 16   3.0   2.8   1.2   2.5   82376.   4.1  396.
2009  87 17   3.4   1.9  -0.3   1.3   87312.   4.2  400.
2009  87 18   2.1   1.0  -0.6  -0.1   97325.   4.5  400.
2009  87 19   4.4   4.0  -2.6  -1.9   75728.   3.5  401.
2009  87 20   5.4   5.1  -4.5  -2.3   79446.   3.4  392.
2009  87 21   5.5   5.0  -4.0  -1.8   86056.   3.7  408.
2009  87 22   5.2   3.4  -1.8  -0.8  105330.   4.5  426.
2009  87 23   4.4   3.4   2.4   0.6  130026.   5.6  453.
2009  88  0   4.4   3.3   1.5   0.9  134029.   5.9  441.
2009  88  1   4.9   4.3  -0.8   2.4  109060.   4.6  416.
2009  88  2   5.1   4.2  -0.5   2.4   84606.   3.9  410.
2009  88  3   4.7   3.6  -3.3  -0.7   73725.   4.0  409.
2009  88  4   4.6   4.5  -4.1  -1.7   67488.   4.0  416.
2009  88  5   4.7   4.5  -4.3  -1.1   59879.   4.0  418.
2009  88  6   4.6   4.6  -4.5  -0.7   75981.   3.7  406.
2009  88  7   4.4   4.3  -4.0  -0.8   64262.   3.6  401.
2009  88  8   4.8   4.5  -0.4   0.7   60988.   3.5  431.
2009  88  9   4.1   3.9   1.5   2.4   53039.   4.4  437.
2009  88 10   3.1   2.5   1.1   0.5   68488.   4.9  437.
2009  88 11   2.9   2.7   1.5   1.0   61330.   4.6  431.
2009  88 12   2.7   2.4   1.7   0.8   66229.   4.3  421.
2009  88 13   2.6   2.1   1.6   0.8   63300.   4.1  418.
2009  88 14   2.4   2.1   1.6   1.1   58324.   4.1  419.
2009  88 15   2.6   2.1   1.5   1.4   58093.   3.9  416.
2009  88 16   3.1   2.8   1.1   2.0   53515.   3.6  417.
2009  88 17   2.3   1.8  -0.9   0.2   64903.   4.0  414.
2009  88 18   3.5   3.0  -1.4   0.7   58469.   4.1  418.
2009  88 19   3.4   3.1  -1.3   1.2   58376.   4.4  420.
2009  88 20   3.4   3.0  -1.2   1.6   56275.   4.3  410.
2009  88 21   3.3   2.5   0.0   1.6   55628.   4.7  419.
2009  88 22   3.2   2.9   0.1   1.9   54165.   5.4  421.
2009  88 23   3.1   2.5  -1.8   0.6   70787.   5.8  428.
2009  89  0   2.7   2.1  -1.9  -0.5   75253.   6.2  439.
2009  89  1   2.7   2.4   2.3   0.7   67636.   5.6  435.
2009  89  2   2.8   0.9  -0.4   0.4   72664.   6.1  426.
2009  89  3   2.9   1.5  -0.5   0.9   71466.   6.0  427.
2009  89  4   4.7   4.3  -2.6   1.5   58982.   3.4  413.
2009  89  5   4.9   4.9  -4.1   0.7   57987.   3.5  413.
2009  89  6   4.6   4.6  -3.9   0.5   57591.   3.6  412.
2009  89  7   4.6   4.0   2.7   2.7   30459.   3.1  410.
2009  89  8   4.3   4.3   3.5   2.5   25081.   3.4  409.
2009  89  9   4.4   4.4   4.0   1.7   31222.   4.0  408.
2009  89 10   3.6   2.0  -0.8  -0.5   66218.   4.3  409.
2009  89 11   3.0   2.5  -1.4   0.6   75164.   3.7  418.
2009  89 12   2.8   2.5   2.3   0.9   72949.   3.0  423.
2009  89 13   2.3   1.3   0.2   1.3   72038.   3.0  407.
2009  89 14   2.7   2.3  -2.1  -0.2   66683.   3.6  402.
2009  89 15   2.8   2.4  -2.3  -0.3   71279.   3.3  405.
2009  89 16   2.9   2.8  -2.4  -0.5   68895.   3.2  408.
2009  89 17   3.0   2.7  -2.3  -0.4   72819.   3.1  416.
2009  89 18   2.9   2.6  -2.1  -1.4   74223.   3.3  410.
2009  89 19   2.9   0.8  -0.2   0.0   69583.   3.4  415.
2009  89 20   3.5   3.2   1.4   2.3   52517.   3.1  415.
2009  89 21   2.3   1.9   0.4   0.0   63329.   2.7  409.
2009  89 22   1.9   1.8   1.2   0.6   52772.   2.5  422.
2009  89 23   1.1   0.9   0.9  -0.2   59400.   2.4  418.
2009  90  0   1.3   0.7   0.7   0.1   57360.   2.5  403.
2009  90  1   2.1   2.0  -1.9  -0.4   53342.   2.7  394.
2009  90  2   2.3   2.2  -2.1  -0.2   51804.   2.7  391.
2009  90  3   2.1   0.6  -0.2   0.2   55459.   2.9  398.
2009  90  4   1.9   1.4  -1.3   0.5   57970.   3.0  390.
2009  90  5   1.9   1.7  -1.7   0.4   52282.   3.4  374.
2009  90  6   2.1   1.4  -1.0   1.0   60710.   3.8  385.
2009  90  7   2.6   2.2  -0.5   0.3   59171.   4.2  386.
2009  90  8   2.6   2.3   0.2   1.0   56829.   5.4  382.
2009  90  9   3.9   3.5  -2.8  -1.1   53671.   5.2  378.
2009  90 10   4.4   4.3  -4.1  -0.7   45343.   4.8  376.
2009  90 11   4.2   4.1  -3.7  -1.8   45512.   4.7  373.
2009  90 12   4.3   3.9  -3.2  -2.1   43199.   4.6  375.
2009  90 13   3.6   2.7   0.8   0.6   53410.   4.6  389.
2009  90 14   3.2   2.9   2.0   0.7   54564.   4.0  389.
2009  90 15   3.6   3.5   2.8   1.0   44477.   3.4  400.
2009  90 16   3.1   2.5   1.4  -0.3   55847.   3.3  394.
2009  90 17   2.7   2.1   1.0   0.4   56893.   3.2  399.
2009  90 18   2.3   2.1   0.3   0.0   58427.   3.3  391.
2009  90 19   2.4   2.2   0.4  -0.1   53528.   3.8  388.
2009  90 20   1.9   1.2   1.1  -0.1   60101.   4.1  388.
2009  90 21   2.3   1.3   1.2   0.2   57858.   4.6  379.
2009  90 22   2.8   2.4  -2.0   0.9   51304.   4.5  365.
2009  90 23   3.1   3.0  -1.9   0.3   46334.   4.7  369.
2009  91  0   3.1   3.0  -2.3   1.0   44907.   5.0  364.
2009  91  1   2.9   2.7  -1.8   0.9   45289.   5.6  363.
2009  91  2   2.9   2.9  -2.3   0.3   42539.   5.8  357.
2009  91  3   2.8   2.8  -2.0   0.5   37679.   5.8  351.
2009  91  4   3.0   3.0  -1.8   0.1   35218.   5.5  347.
2009  91  5   3.2   3.1  -1.2   0.8   33195.   5.0  347.
2009  91  6   3.0   2.8  -1.3   1.8   29618.   6.2  346.
2009  91  7   3.2   3.0  -2.1   0.6   28536.   5.9  340.
2009  91  8   3.1   3.1  -2.5  -1.2   28235.   5.6  335.
2009  91  9   3.0   2.9  -2.1  -2.0   28009.   6.3  335.
2009  91 10   3.1   2.8  -2.4  -1.4   33195.   4.7  343.
2009  91 11   2.8   2.0  -1.3  -0.8   34903.   4.4  345.
2009  91 12   2.4   2.3   1.5   0.8   28831.   4.3  355.
2009  91 13   2.1   1.9   1.3   0.6   38633.   4.4  359.
2009  91 14   2.7   1.9   0.2   0.4   31841.   4.5  353.
2009  91 15   2.6   2.2   1.0   0.1   31009.   4.8  355.
2009  91 16   2.8   2.7   0.4  -0.3   28899.   4.9  351.
2009  91 17   2.5   2.4  -0.2  -0.4   27349.   5.5  349.
2009  91 18   2.4   1.9   1.7  -0.1   30272.   6.0  352.
2009  91 19   1.8   0.3   0.2   0.2   26187.   7.4  351.
2009  91 20   2.7   2.2   1.0   0.3   21861.   8.1  352.
2009  91 21   4.4   4.3   1.2   1.2   26207.   7.3  357.
2009  91 22   3.6   3.5   0.5  -0.1   26959.  10.2  356.
2009  91 23   2.6   1.8   0.1  -0.1   26082.  11.3  352.
2009  92  0   4.5   4.4   2.0   0.3   29345.   7.1  359.
2009  92  1   4.2   3.9   1.5  -0.3   33649.   7.4  356.
2009  92  2   4.0   3.9   1.7  -0.5   30770.   7.6  355.
2009  92  3   3.9   3.9  -0.4  -1.0   33517.   6.9  346.
2009  92  4   3.8   3.8  -1.5  -1.2   32246.   6.6  344.
2009  92  5   3.6   3.5   0.2  -0.8   26667.   6.7  342.
2009  92  6   3.8   3.3  -1.5  -0.7   32375.   6.1  343.
2009  92  7   3.9   3.8  -3.2  -0.9   36857.   5.7  338.
2009  92  8   3.7   3.7  -3.0  -1.5   34525.   5.9  334.
2009  92  9   3.6   3.5  -3.0  -1.6   31895.   5.8  328.
2009  92 10   3.4   3.3  -2.9  -1.5   31860.   5.7  323.
2009  92 11   3.5   3.5  -2.6  -2.3   30898.   5.9  325.
2009  92 12   3.8   3.8  -2.8  -2.5   32509.   5.7  323.
2009  92 13   3.7   3.7  -2.5  -2.1   33177.   5.7  322.
2009  92 14   3.7   3.6  -2.5  -2.4   28775.   5.5  320.
2009  92 15   3.3   3.2  -2.5  -1.9   30537.   5.9  318.
2009  92 16   3.1   3.0  -2.7  -1.5   30934.   6.3  315.
2009  92 17   3.2   3.1  -3.0  -0.9   32758.   6.5  314.
2009  92 18   3.6   3.3  -2.9  -1.2   36268.   8.1  318.
2009  92 19   3.8   3.7  -2.7  -2.5   34025.   8.1  318.
2009  92 20   3.6   3.4  -2.5  -0.9   32453.   8.2  317.
2009  92 21   3.6   3.6  -2.1   0.0   29891.   8.2  317.
2009  92 22   3.7   3.6  -2.6  -1.1   32349.   8.6  315.
2009  92 23   3.8   3.7  -2.9  -0.3   30825.  10.0  315.
2009  93  0   3.7   3.6  -2.2  -1.5   26985.   9.5  312.
2009  93  1   3.2   3.0  -2.3  -0.8   18444.  10.4  308.
2009  93  2   2.9   2.8  -2.4  -0.3   10801.  12.1  305.
2009  93  3   2.6   2.6  -2.0  -0.5   10519.  12.5  304.
2009  93  4   2.6   2.6  -2.1   0.0   14047.  12.2  303.
2009  93  5   2.3   2.3  -1.7   0.3   13491.  12.5  303.
2009  93  6   1.9   1.7  -1.0   0.2   16512.  12.4  295.
2009  93  7   1.9   1.8  -0.7   0.4   16848.  13.6  290.
2009  93  8   2.8   2.6   0.1   2.0   15691.  12.9  292.
2009  93  9   2.6   2.6   1.1   2.2   13188.  13.1  293.
2009  93 10   2.3   2.0   1.3   1.2   18569.  11.2  289.
2009  93 11   2.1   1.8   0.4   1.0   18185.   9.7  281.
2009  93 12   2.2   1.9  -0.1   1.2   13880.   9.9  285.
2009  93 13   2.2   2.1   0.9  -0.5   13148.   9.5  281.
2009  93 14   2.3   2.2   1.2  -1.7   12519.   9.4  281.
2009  93 15   3.8   3.3  -0.3   0.3   21136.   6.8  292.
2009  93 16   4.1   3.9   1.2  -1.6   20746.   4.1  298.
2009  93 17   3.9   3.2   0.8  -1.1   24676.   4.5  296.
2009  93 18   3.3   2.7   1.3  -0.9   25401.   4.5  297.
2009  93 19   2.6   2.3   1.7   0.4   29672.   4.8  297.
2009  93 20   2.7   2.6   1.7   0.8   26609.   4.4  299.
2009  93 21   3.7   3.6   0.2   1.5   21605.   4.6  296.
2009  93 22   2.2   1.0  -0.2   0.8   22790.   7.1  287.
2009  93 23   2.3   2.0   1.7   0.5   20814.   6.8  288.
2009  94  0   2.4   2.3   2.0   0.4   15149.   6.5  280.
2009  94  1   2.2   2.0   0.8   0.8   12566.   6.6  276.
2009  94  2   1.8   1.7   0.3   0.2   11302.   7.3  272.
2009  94  3   1.8   1.7   0.7   0.3   11700.   7.6  272.
2009  94  4   1.8   1.6   0.8  -0.2   11517.   8.3  272.
2009  94  5   1.7   1.3   0.7   0.9   14965.   8.7  279.
2009  94  6   2.0   1.9   0.5  -0.1   13920.   9.1  283.
2009  94  7   2.1   2.0   0.4   0.9   13668.   9.7  285.
2009  94  8   2.2   1.9   0.4   0.6   13833.   9.7  284.
2009  94  9   2.3   2.3   1.5  -0.3   13958.  10.5  283.
2009  94 10   2.8   2.6   1.4   0.4   17195.  10.8  285.
2009  94 11   3.8   3.4   2.9  -0.2   21837.  11.9  284.
2009  94 12   3.9   3.8   3.0   0.6   19150.  12.1  286.
2009  94 13   3.5   3.4   2.8  -0.2   16376.  11.1  282.
2009  94 14   3.1   2.9   2.4   0.0   15478.  10.1  278.
2009  94 15   2.0   1.9   1.7  -0.6   15566.  11.4  282.
2009  94 16   0.8   0.7   0.7  -0.3   16523.  13.3  290.
2009  94 17   0.5   0.4   0.1  -0.3   16471.  14.4  293.
2009  94 18   1.6   1.4  -1.0  -0.7   16171.  14.3  295.
2009  94 19   1.6   1.3  -1.2  -0.6   15844.  15.1  295.
2009  94 20   1.1   0.6   0.0   0.4   16996.  14.9  296.
2009  94 21   1.3   0.9   0.7  -0.4   12881.  13.3  293.
2009  94 22   1.8   1.5   1.2   0.2   13788.  14.5  293.
2009  94 23   3.3   2.8  -1.8   1.1   15172.  11.8  289.
2009  95  0   4.0   2.4  -1.9  -1.3   43930.   8.6  311.
2009  95  1   4.3   3.5  -0.6  -3.4   41510.   8.4  319.
2009  95  2   4.2   4.1  -1.2  -3.8   38296.   6.6  310.
2009  95  3   4.4   4.2  -3.2  -2.8   40014.   7.6  310.
2009  95  4   4.6   3.9  -2.9  -2.6   32833.   9.2  321.
2009  95  5   5.2   4.6  -3.5  -2.1   40021.   9.1  338.
2009  95  6   5.1   4.2  -3.0  -0.3   71521.   6.4  344.
2009  95  7   5.4   4.8   2.8   2.9   67208.   7.9  361.
2009  95  8   5.2   4.4  -0.1   2.1   71117.   8.2  353.
2009  95  9   4.6   3.3  -1.5  -0.8   64774.   7.3  350.
2009  95 10   3.4   2.9  -1.3   1.1   61113.   8.4  364.
2009  95 11   3.4   3.0  -1.8  -1.0   60497.   7.1  365.
2009  95 12   2.1   1.9  -1.8   0.5   63891.   7.6  359.
2009  95 13   3.8   3.7  -3.6  -0.4   58349.   7.5  355.
2009  95 14   3.6   3.5  -3.3  -0.6   54419.   6.7  353.
2009  95 15   3.4   3.4  -3.3  -0.1   47207.   5.6  349.
2009  95 16   3.7   3.2  -3.1  -0.7   52806.   5.3  354.
2009  95 17   3.5   3.3   1.4   2.0   96047.   4.8  390.
2009  95 18   5.1   5.0  -3.6   0.3   80757.   3.0  387.
2009  95 19   4.9   4.7  -3.3  -0.5   66124.   3.4  390.
2009  95 20   5.0   4.9  -4.2  -0.5   57610.   3.1  399.
2009  95 21   5.0   5.0  -4.7  -1.1   48255.   2.4  405.
