2007  35 20   3.1   2.5   1.5   1.3   26818.   4.9  337.
2007  35 21   3.0   2.9  -0.3  -1.4   11025.  10.1  333.
2007  35 22   3.4   2.5  -0.5   0.0   21512.  10.9  339.
2007  35 23   4.6   4.3  -0.2  -1.6   16403.   9.4  342.
2007  36  0   3.0   2.4  -0.4  -2.2   23876.  13.5  345.
2007  36  1   2.8   1.6  -0.7  -0.7   24709.  13.2  345.
2007  36  2   3.3   3.2   0.9   1.4   28559.  10.9  342.
2007  36  3   2.6   1.9  -0.3  -1.6   29794.  11.4  340.
2007  36  4   2.8   2.6  -0.9  -1.6   28443.  10.6  339.
2007  36  5   1.9   0.9  -0.4  -0.8   19259.  14.2  343.
2007  36  6   2.3   1.5  -0.7  -1.3   17923.  13.5  343.
2007  36  7   1.7   1.6  -1.2  -0.6   23867.  13.7  341.
2007  36  8   2.3   2.3  -1.4  -0.7   25092.  14.0  342.
2007  36  9   2.8   2.7  -1.2  -0.7   24583.  14.0  345.
2007  36 10   3.4   3.2   0.1  -1.9   27356.  13.3  343.
2007  36 11   4.8   3.7   1.0  -3.5   36079.   9.9  338.
2007  36 12   5.0   4.8   1.6  -4.5   34165.   8.1  334.
2007  36 13   5.3   4.9   1.7  -3.7   32063.   8.0  333.
2007  36 14   4.8   4.4  -0.2  -1.0   36562.   8.6  339.
2007  36 15   4.4   3.5   0.7  -1.7   44883.   8.0  340.
2007  36 16   4.9   4.8   1.0  -3.7   39307.   8.2  339.
2007  36 17   5.0   4.8   0.8  -4.3   40542.   7.8  341.
2007  36 18   4.7   4.3   1.5  -4.0   48281.   7.6  338.
2007  36 19   4.4   3.6   1.8  -2.8   53151.   8.1  336.
2007  36 20   4.5   4.1   2.8   0.2   60244.   7.6  333.
2007  36 21   4.9   3.9   2.1  -2.3   65509.   8.6  340.
2007  36 22   5.5   4.6   2.8  -1.9   61310.   8.3  340.
2007  36 23   5.9   4.8   3.4   1.5   57676.   7.5  335.
2007  37  0   6.4   4.8   4.1   0.9   48963.   6.6  334.
2007  37  1   6.3   4.5   3.5   0.6   62324.   6.7  354.
2007  37  2   6.5   5.2   4.8   1.7   61564.   5.7  351.
2007  37  3   7.0   6.5   5.9  -0.8   58514.   5.2  342.
2007  37  4   7.4   7.3   4.5  -3.6   54512.   4.8  348.
2007  37  5   7.9   7.6   4.2  -4.0   43333.   4.9  357.
2007  37  6   7.5   7.3   5.1  -0.7   50146.   6.5  349.
2007  37  7   7.1   6.3   2.1  -2.8   84238.   6.6  367.
2007  37  8   5.8   4.9   1.3  -3.6  123913.   7.5  378.
2007  37  9   6.4   5.8  -0.8  -2.9  114890.   8.4  384.
2007  37 10   4.5   2.6   2.2  -0.5  138993.   8.8  370.
2007  37 11   5.4   3.3   1.4   2.5  127881.   8.6  372.
2007  37 12   6.5   6.2   1.4   4.2  110634.   8.2  366.
2007  37 13   5.9   4.5  -0.4   3.4  113416.   8.2  378.
2007  37 14   6.2   4.5  -0.3   2.9  124146.   8.4  380.
2007  37 15   6.5   5.4   0.2   2.9  126959.   8.4  381.
2007  37 16   7.6   7.0   0.2   4.5  103914.   7.4  384.
2007  37 17   7.8   6.4  -0.2   2.8   92969.   7.8  397.
2007  37 18   8.0   7.1  -1.9   6.8  101136.   7.7  399.
2007  37 19   7.7   7.4   0.4   5.2   96107.   7.1  390.
2007  37 20   7.7   7.3   1.6   4.3   85524.   7.0  392.
2007  37 21   8.0   7.6  -1.1   6.8   86834.   7.3  401.
2007  37 22   7.4   6.7   2.1   3.9   97090.   7.2  388.
2007  37 23   7.4   7.3   2.1   4.6   93907.   7.1  388.
2007  38  0   7.3   5.2   3.9   2.4   82786.   6.4  382.
2007  38  1   7.1   5.4   0.6  -4.8  115256.   6.6  410.
2007  38  2   7.2   6.2   2.6  -4.1  130136.   6.7  406.
2007  38  3   7.0   6.3   5.3   1.0  128221.   6.3  386.
2007  38  4   7.2   6.6   2.6   5.0  109386.   6.2  404.
2007  38  5   6.6   4.7   1.7  -1.9  116209.   6.3  408.
2007  38  6   6.4   5.9  -0.3  -4.7  120142.   6.8  426.
2007  38  7   6.5   4.2   2.5   1.3  120337.   7.0  414.
2007  38  8   6.4   6.1   1.3   5.8  112557.   6.8  417.
2007  38  9   6.4   4.1   1.6   0.4  126501.   6.2  421.
2007  38 10   6.3   5.3   1.9  -2.9  126977.   5.5  421.
2007  38 11   5.9   4.8   1.6  -4.0  134465.   5.6  424.
2007  38 12   5.8   4.4   3.5  -1.2  134320.   5.6  410.
2007  38 13   6.3   5.3   2.3  -1.1  115713.   5.5  418.
2007  38 14   6.5   5.6   3.6   1.5  103033.   5.5  410.
2007  38 15   6.4   5.0   3.6   0.1  106920.   5.6  411.
2007  38 16   6.0   4.3   1.6   2.8  114791.   5.8  430.
2007  38 17   5.9   4.8   3.8  -1.8  111151.   5.7  417.
2007  38 18   5.8   3.6   2.6  -0.5  110971.   5.6  427.
2007  38 19   5.8   3.8   0.2  -0.2  107115.   5.5  442.
2007  38 20   5.5   4.8   1.7  -0.4  116143.   5.5  428.
2007  38 21   4.9   3.2   3.0   0.5  124984.   5.5  426.
2007  38 22   5.4   4.3   2.8   0.3  118901.   5.4  424.
2007  38 23   5.3   4.1   0.6  -2.0  119782.   5.3  439.
2007  39  0   6.5   6.2   3.0   3.3   80035.   3.8  432.
2007  39  1   5.9   3.1   1.7  -1.0  111211.   4.3  444.
2007  39  2   4.9   2.5   0.5  -2.2  136456.   4.6  455.
2007  39  3   4.8   4.1  -0.8  -3.9  127052.   4.6  463.
2007  39  4   4.3   3.4   2.1   2.4  139302.   4.6  442.
2007  39  5   4.7   3.9   0.5  -3.9  124908.   4.5  456.
2007  39  6   4.4   3.6   0.4  -3.6  126869.   4.5  452.
2007  39  7   4.0   3.5   3.4  -0.2  130839.   4.1  431.
2007  39  8   4.6   3.0   1.9  -1.7  119166.   4.1  443.
2007  39  9   3.9   1.0   0.6  -0.1  122309.   4.1  456.
2007  39 10   4.0   2.8   2.7  -0.1  118833.   4.1  440.
2007  39 11   4.2   2.7   2.3   1.1  122601.   4.1  444.
2007  39 12   4.2   3.0   2.0  -1.9  119378.   4.0  443.
2007  39 13   4.4   2.9   1.3  -1.1  107052.   3.8  445.
2007  39 14   4.0   3.2   1.6  -0.1  114859.   3.7  446.
2007  39 15   4.0   3.2   2.7   0.2  117196.   3.9  442.
2007  39 16   4.6   3.8   2.5   0.4   98922.   3.3  443.
2007  39 17   4.6   3.8   1.9   2.2  105538.   3.3  452.
2007  39 18   4.6   3.6   2.3   0.5   99674.   3.4  448.
2007  39 19   4.6   3.3   1.7   1.8   91994.   3.3  452.
2007  39 20   4.5   4.0   2.1   2.4   91164.   3.2  446.
2007  39 21   4.6   3.7   3.1   1.1   89813.   3.0  435.
2007  39 22   4.7   4.3   0.6   2.1   82622.   2.9  456.
2007  39 23   4.6   4.1   1.9   1.3   73525.   2.7  443.
2007  40  0   4.7   4.1   3.3  -0.3   69448.   2.6  429.
2007  40  1   4.5   3.7   3.5  -1.3   82449.   2.9  428.
2007  40  2   4.3   3.6   2.9   1.4   77669.   2.8  431.
2007  40  3   4.5   4.1   1.1   1.6   69603.   2.9  443.
2007  40  4   4.6   4.0  -0.7  -0.3   71153.   3.2  453.
2007  40  5   4.6   3.4   0.9  -1.6   71287.   3.0  439.
2007  40  6   4.7   3.2   2.6   0.8   70836.   2.9  431.
2007  40  7   4.1   3.1   2.5   1.9   91375.   3.0  438.
2007  40  8   4.3   3.6   0.5   1.0   94122.   3.0  445.
2007  40  9   4.4   3.5  -0.8  -0.8  105040.   3.1  461.
2007  40 10   4.3   4.1   0.5   0.0  131875.   2.6  467.
2007  40 11   4.1   3.7   1.3   2.0  128927.   2.7  455.
2007  40 12   4.2   4.2   2.6   2.8  108839.   2.5  436.
2007  40 13   4.5   4.5   3.1   2.5   92698.   2.1  430.
2007  40 14   4.0   3.9   2.3   1.4  112677.   2.3  429.
2007  40 15   3.6   3.1   1.2   0.5  118434.   2.6  437.
2007  40 16   3.4   3.0   1.8   1.1  109275.   2.5  428.
2007  40 17   3.8   3.2   0.3   0.3   95251.   2.7  434.
2007  40 18   4.0   3.6  -1.8  -1.4   83938.   2.8  440.
2007  40 19   3.7   3.3  -0.2   0.3  100258.   2.9  426.
2007  40 20   3.9   3.4   0.3  -0.5   91649.   2.8  418.
2007  40 21   4.0   2.9   0.0   0.6   70220.   2.5  416.
2007  40 22   3.6   3.4  -1.1   0.3   89728.   2.5  426.
2007  40 23   3.5   2.8   1.5   0.4   91500.   2.5  404.
2007  41  0   3.9   3.5   1.3   1.1   92774.   2.0  403.
2007  41  1   3.9   3.4   0.2  -0.5   90978.   1.7  414.
2007  41  2   4.3   4.0   0.3  -0.7   50869.   1.4  412.
2007  41  3   4.5   4.2  -2.2  -0.9   48892.   1.4  436.
2007  41  4   4.4   3.8   0.5   0.2   58287.   1.4  401.
2007  41  5   4.4   4.2   3.9   0.8   49997.   1.3  354.
2007  41  6   4.5   4.3   4.1   1.1   47516.   1.4  354.
2007  41  7   4.5   4.3   4.0  -0.1   49050.   1.4  349.
2007  41  8   4.8   4.8   4.2  -0.1   48774.   1.5  350.
2007  41  9   5.1   5.0   4.6  -0.5   49021.   1.6  346.
2007  41 10   5.0   5.0   4.7   0.2   54850.   1.5  339.
2007  41 11   4.9   4.9   4.2   0.7   50645.   1.5  343.
2007  41 12   4.9   4.9   4.3   0.8   43028.   1.5  337.
2007  41 13   5.2   4.9   3.3   0.8   51126.   1.4  349.
2007  41 14   5.6   5.4   0.6   0.7   79438.   1.5  376.
2007  41 15   5.6   5.4  -0.3  -2.2   70252.   1.4  380.
2007  41 16   5.3   5.1   3.5   3.5   62377.   1.5  337.
2007  41 17   5.5   5.3   4.7   1.0   42523.   1.6  317.
2007  41 18   5.6   5.4   4.0  -1.9   55580.   1.5  325.
2007  41 19   5.5   5.5   3.8  -2.2   57755.   1.7  335.
2007  41 20   5.6   5.2   3.1  -0.7   44369.   2.0  331.
2007  41 21   5.5   5.1   2.9   0.3   40322.   1.4  329.
2007  41 22   5.5   5.2   3.0  -1.3   36767.   1.2  328.
2007  41 23   5.7   5.6   3.1   1.1   74008.   0.9  324.
2007  42  0   5.6   5.5   3.8   0.4   80748.   0.8  310.
2007  42  1   5.7   5.6   4.6   1.2   70196.   0.7  284.
2007  42  2   5.9   5.8   4.1  -0.5   69666.   0.9  304.
2007  42  3   6.1   5.7   3.7  -0.5   70168.   0.9  307.
2007  42  4   6.2   6.1   3.7  -0.4   54951.   0.8  307.
2007  42  5   6.3   6.2   4.3   0.5   53629.   0.8  292.
2007  42  6   6.3   6.2   4.0   0.6   60852.   0.9  295.
2007  42  7   6.4   6.3   4.4   0.8   63987.   0.9  288.
2007  42  8   6.4   6.4   4.3   0.7   60262.   0.9  291.
2007  42  9   6.5   6.4   4.4   1.1   57530.   1.0  289.
2007  42 10   6.5   6.5   4.8  -0.4   47345.   0.9  279.
2007  42 11   6.5   6.5   5.1  -1.0   41515.   0.8  274.
2007  42 12   6.4   6.4   5.1  -1.0   43887.   0.8  272.
2007  42 13   6.4   6.3   4.8  -0.6   44167.   0.9  275.
2007  42 14   6.4   6.3   4.0  -0.3   25145.   0.9  286.
2007  42 15   6.4   6.4   4.5   0.1   22073.   0.9  278.
2007  42 16   6.5   6.5   4.4   0.1   18683.   0.9  284.
2007  42 17   6.8   6.7   4.9  -0.1   12603.   0.7  273.
2007  42 18   6.6   6.2   3.6  -1.1   16552.   1.0  285.
2007  42 19   6.4   5.8   2.1  -3.0   22083.   1.3  305.
2007  42 20   6.3   6.2   3.6  -0.1   12019.   1.0  289.
2007  42 21   4.1   3.2   1.2  -1.2   23275.   5.1  309.
2007  42 22   3.0   2.7  -0.1  -1.4   17782.   7.7  317.
2007  42 23   3.3   3.2   0.7  -1.3   19753.   6.9  314.
2007  43  0   3.4   3.4   0.4  -1.0   19981.   6.6  313.
2007  43  1   3.0   2.9   0.4  -0.1   24195.   6.5  315.
2007  43  2   3.2   3.1  -0.1  -0.2   22326.   6.3  313.
2007  43  3   4.0   3.9   0.7  -0.1   18823.   6.6  314.
2007  43  4   4.0   3.4   1.2  -0.1   22447.   7.2  315.
2007  43  5   3.7   3.5   0.6  -0.4   23715.   7.4  316.
2007  43  6   3.1   2.5   1.1   0.2   27350.   8.0  315.
2007  43  7   3.1   2.8   1.1   0.8   28014.   8.1  314.
2007  43  8   2.5   2.1   1.9   0.8   28091.   8.1  317.
2007  43  9   2.6   2.5   1.8   1.1   28188.   8.6  316.
2007  43 10   5.4   4.5   2.2   1.1   46516.  19.9  352.
2007  43 11   7.0   6.0   1.7  -0.2   43533.  28.8  375.
2007  43 12   5.7   2.4   1.8   1.0   36129.  43.7  382.
2007  43 13  12.9   5.9   1.1   5.6   41854.  25.7  391.
2007  43 14  12.0   8.6  -1.2   0.8   97575.  24.6  395.
2007  43 15  12.8   8.4   0.0  -3.1  104402.  21.2  397.
2007  43 16   8.3   4.1  -3.7  -0.1  222418.  16.1  406.
2007  43 17  11.0   9.4   2.8   8.3  236228.  16.0  418.
2007  43 18   9.9   7.8  -0.4   4.9  275918.  14.0  423.
2007  43 19   8.5   6.9   2.9   6.1  348310.  15.2  422.
2007  43 20   9.3   5.3  -0.3   0.8  306530.  14.1  424.
2007  43 21  11.5   8.6  -5.4  -0.4  301180.  14.3  447.
2007  43 22  11.4  11.0  -9.6  -4.8  280705.  11.8  475.
2007  43 23  11.7   5.4   1.1   1.7  290273.   9.0  522.
2007  44  0  12.5  10.8  -5.4   1.7  295502.   8.2  547.
2007  44  1  11.5  10.0  -5.8  -0.7  279436.   8.1  529.
2007  44  2   9.7   9.3  -6.9  -0.8  256431.   6.6  522.
2007  44  3   8.0   7.2  -3.5   1.1  226091.   6.1  554.
2007  44  4   7.8   7.5  -6.4  -0.1  168606.   4.6  523.
2007  44  5   8.3   8.0  -5.8   1.2  142362.   3.9  511.
2007  44  6   6.7   4.3  -0.6   0.9  299975.   5.5  521.
2007  44  7   7.5   6.7  -4.4   0.0  265910.   5.7  498.
2007  44  8   7.5   6.9  -4.2   0.9  259618.   6.1  497.
2007  44  9   7.4   5.0   0.7  -0.2  211768.   6.3  484.
2007  44 10   6.9   6.4   1.3   1.4  196907.   6.7  481.
2007  44 11   7.4   4.7  -0.9   0.9  188999.   7.0  476.
2007  44 12   8.1   6.6   0.1   4.9  206178.   7.1  477.
2007  44 13   9.2   7.8  -3.6   3.0  217814.   5.8  496.
2007  44 14  10.3   7.6  -4.6   4.1  296326.   5.8  499.
2007  44 15  10.9   9.1  -6.6  -0.8  276586.   7.0  500.
2007  44 16  11.3  10.0  -4.8  -5.9  274390.   7.4  516.
2007  44 17  11.2  10.0  -8.8  -4.0  245376.   6.9  488.
2007  44 18  11.6  11.0  -7.8   0.5  193887.   7.1  505.
2007  44 19  10.7  10.0  -7.7  -0.7  231443.   6.6  516.
2007  44 20   8.6   6.4  -1.3  -1.8  357821.   7.9  607.
2007  44 21   7.5   6.2  -2.3  -2.6  344597.   7.1  613.
2007  44 22   7.2   6.4  -4.3  -3.9  364347.   6.8  606.
2007  44 23   6.1   4.6  -3.9  -1.5  357705.   6.3  609.
2007  45  0   6.7   5.3  -3.8   0.1  337727.   5.2  612.
2007  45  1   8.0   6.8  -5.5   1.1  285843.   4.9  610.
2007  45  2   8.4   7.4  -3.8   2.7  252030.   4.8  635.
2007  45  3   7.7   7.1  -4.9   0.4  267554.   4.1  638.
2007  45  4   7.6   6.1  -3.9   0.2  272863.   4.0  659.
2007  45  5   7.6   7.3  -3.2   0.5  256381.   3.5  690.
2007  45  6   5.7   4.0  -0.6   3.0  368091.   4.0  736.
2007  45  7   5.5   3.6  -3.0   1.0  328379.   3.4  720.
2007  45  8   6.0   5.3  -4.8  -2.1  287046.   3.1  699.
2007  45  9   6.5   4.0  -3.1  -0.1  246547.   3.2  709.
2007  45 10   5.7   4.7  -1.4   2.2  342851.   4.0  723.
2007  45 11   5.1   4.5  -3.6  -0.5  270733.   2.8  703.
2007  45 12   4.5   3.1  -3.0   0.7  252822.   2.6  708.
2007  45 13   4.9   4.7  -3.6   0.4  198629.   2.5  693.
2007  45 14   5.1   4.6  -4.1   1.8  183275.   2.2  678.
2007  45 15   5.0   3.8  -2.6   2.7  185293.   2.5  687.
2007  45 16   5.0   4.2  -3.3   2.1  196655.   2.7  677.
2007  45 17   5.3   3.7  -3.3  -1.3  191081.   2.7  673.
2007  45 18   5.6   4.7  -3.7  -2.4  165856.   2.7  666.
2007  45 19   5.0   3.8  -2.8  -2.6  203331.   2.6  673.
2007  45 20   4.9   3.5  -2.7   0.0  225675.   2.4  669.
2007  45 21   4.9   4.4  -4.3  -0.2  204732.   2.2  646.
2007  45 22   5.0   4.5  -2.8   1.0  169489.   2.2  658.
2007  45 23   4.9   4.1  -3.0   0.0  160903.   2.0  650.
2007  46  0   4.6   3.7  -2.1   0.3  178200.   2.0  662.
2007  46  1   4.5   3.3  -3.1  -1.0  159659.   1.8  658.
2007  46  2   4.3   3.7  -1.7  -1.4  146231.   1.7  682.
2007  46  3   4.1   3.5  -2.3  -0.9  180834.   1.6  672.
2007  46  4   4.0   2.7  -2.1   1.4  166161.   1.6  671.
2007  46  5   4.3   3.5  -1.7   1.3  150750.   1.6  675.
2007  46  6   4.1   1.1   0.2   1.1  174731.   1.6  709.
2007  46  7   4.0   3.1  -0.9   1.2  182266.   1.9  708.
2007  46  8   2.9   1.8  -1.6  -0.4  231378.   2.1  713.
2007  46  9   3.3   2.5  -0.9   1.0  186935.   1.9  717.
2007  46 10   3.2   2.3  -2.0  -0.8  171183.   1.9  707.
2007  46 11   3.3   2.6  -2.5   0.3  170492.   1.7  698.
2007  46 12   3.3   2.9  -2.0  -1.1  157957.   1.6  698.
2007  46 13   3.2   2.7  -1.5  -0.8  159873.   1.7  697.
2007  46 14   3.3   3.0  -2.9   0.5  166189.   1.7  674.
2007  46 15   3.7   3.5  -2.9   0.1  187857.   1.8  660.
2007  46 16   3.5   3.3  -3.2   0.5  273329.   1.9  653.
2007  46 17   3.1   0.9   0.7   0.5  233331.   2.3  666.
2007  46 18   3.8   1.6  -0.1   1.5  191766.   2.3  696.
2007  46 19   4.3   3.4  -3.3  -0.4  219254.   2.5  625.
2007  46 20   4.7   3.5  -0.9  -0.8  220480.   2.8  633.
2007  46 21   4.7   4.2   0.5   0.6  185410.   2.5  628.
2007  46 22   4.8   4.4  -2.4  -0.9  162934.   2.4  623.
2007  46 23   4.3   4.1  -1.9   1.1  157759.   2.2  615.
2007  47  0   4.7   4.5   0.5   0.2  151576.   2.4  631.
2007  47  1   4.0   2.5  -1.8   0.2  188955.   2.3  606.
2007  47  2   4.8   4.5  -0.3   1.9  168212.   2.6  619.
2007  47  3   4.5   4.1  -1.1   0.5  164847.   2.4  611.
2007  47  4   4.6   3.6  -3.5  -0.4  127229.   1.9  581.
2007  47  5   4.4   4.4  -4.3  -0.7   92072.   1.5  564.
2007  47  6   4.5   4.4  -4.3  -0.4   72001.   1.3  569.
2007  47  7   4.5   4.4  -4.2  -0.1   69659.   1.2  569.
2007  47  8   4.2   4.1  -4.0   0.1   67875.   1.1  561.
2007  47  9   4.2   4.2  -4.0   0.0   66843.   1.2  556.
2007  47 10   4.3   4.1  -3.7   0.3   86348.   1.5  552.
2007  47 11   4.3   4.1  -4.0  -0.5  104366.   1.5  546.
2007  47 12   4.1   3.8  -3.8   0.2  107332.   1.5  547.
2007  47 13   3.8   3.6  -3.4   0.3   92385.   1.8  538.
2007  47 14   3.6   3.3  -3.0   1.1   98083.   2.1  541.
2007  47 15   3.4   3.0  -0.9  -1.5  110283.   2.2  559.
2007  47 16   3.5   2.9  -2.8  -0.1  106319.   2.2  537.
2007  47 17   3.7   3.4  -2.6   1.1  105637.   2.4  539.
2007  47 18   3.7   3.0  -3.0   0.1  105530.   2.4  532.
2007  47 19   3.5   3.1  -2.1   1.8  105870.   2.6  541.
2007  47 20   3.6   2.0  -1.7  -0.6   99575.   2.7  543.
2007  47 21   3.8   3.1  -0.9  -2.9   87553.   2.8  541.
2007  47 22   3.3   2.3  -1.6  -1.5   97787.   2.7  530.
2007  47 23   3.2   2.5  -0.7  -0.8  101622.   2.8  535.
2007  48  0   3.4   2.9  -2.7  -0.9   89733.   2.7  518.
2007  48  1   3.4   3.1  -3.0  -0.7   77019.   2.4  511.
2007  48  2   3.4   3.1  -2.7  -1.0   80446.   2.4  509.
2007  48  3   3.5   3.2  -3.2   0.6   93678.   2.6  510.
2007  48  4   3.5   3.3  -3.2  -0.2   94964.   2.7  504.
2007  48  5   3.5   2.9  -2.2   1.6   96556.   2.9  510.
2007  48  6   3.9   2.6  -1.9   0.7  107176.   3.3  510.
2007  48  7   4.2   3.3  -1.3  -1.8  106450.   3.2  513.
2007  48  8   4.1   3.6  -3.4  -0.4   81163.   2.3  490.
2007  48  9   4.6   4.6  -4.3  -0.4   61948.   2.1  490.
2007  48 10   4.7   4.7  -4.4  -0.1   71459.   2.0  487.
2007  48 11   4.8   4.7  -4.1  -0.5   62439.   2.0  486.
2007  48 12   5.0   4.9  -4.5  -0.5   61576.   2.0  483.
2007  48 13   5.3   5.1  -4.7  -1.9   62146.   2.1  486.
2007  48 14   5.4   5.3  -4.9  -0.4   61158.   1.9  480.
2007  48 15   5.2   5.1  -4.7  -0.7   66891.   2.1  473.
2007  48 16   5.2   5.1  -4.8   0.3   57176.   2.5  473.
2007  48 17   5.1   5.0  -4.7   0.5   56070.   2.5  467.
2007  48 18   4.8   4.7  -4.4  -1.1   57754.   2.5  462.
2007  48 19   4.0   3.5  -3.4  -0.6   95762.   2.7  473.
2007  48 20   4.0   3.7  -3.7   0.3   84445.   2.2  463.
2007  48 21   3.9   3.8  -3.8   0.3   79604.   2.1  457.
2007  48 22   4.1   3.8  -3.3   1.2   75437.   2.4  464.
2007  48 23   3.8   3.3  -2.7   1.8   79331.   2.4  467.
2007  49  0   4.0   3.7  -2.3   2.8   76265.   2.7  473.
2007  49  1   4.5   4.4  -4.0   1.5   45376.   2.2  455.
2007  49  2   4.5   4.4  -4.2   0.4   52528.   2.3  447.
2007  49  3   4.1   4.1  -4.0  -0.7   74477.   2.4  428.
2007  49  4   4.3   4.3  -4.2  -0.6   58515.   2.1  422.
2007  49  5   4.2   4.1  -4.1  -0.2   51706.   1.8  422.
2007  49  6   4.1   4.0  -3.6  -0.7   56792.   1.9  429.
2007  49  7   3.9   3.6  -3.2  -1.1   48876.   1.8  429.
2007  49  8   3.6   2.4  -0.6  -0.9   71403.   2.1  445.
2007  49  9   4.0   3.6  -3.5  -0.5   45405.   1.4  421.
2007  49 10   4.1   4.1  -3.7  -1.5   44680.   1.6  424.
2007  49 11   4.0   4.0  -3.4  -2.0   64887.   1.7  426.
2007  49 12   4.2   4.1  -3.4  -2.2   52193.   1.9  418.
2007  49 13   4.1   3.8  -3.1  -1.6   58068.   2.3  416.
2007  49 14   4.4   4.2  -3.1  -1.9   44863.   2.1  418.
2007  49 15   4.3   3.8  -2.8  -2.1   46256.   3.2  420.
2007  49 16   4.0   3.8   0.1   0.2   46184.   4.2  430.
2007  49 17   4.0   3.3  -2.8  -1.4   48258.   3.7  409.
2007  49 18   3.7   3.7  -3.0  -2.1   45406.   3.2  399.
2007  49 19   3.3   3.3  -2.3  -2.0   43321.   3.2  395.
2007  49 20   3.1   2.7  -1.9  -1.2   46816.   2.8  390.
2007  49 21   3.1   2.9  -0.1  -0.2   50812.   2.5  404.
2007  49 22   3.5   3.4   0.0   0.5   50356.   3.1  409.
2007  49 23   3.2   2.6  -0.2   0.7   55127.   3.3  409.
2007  50  0   2.9   2.5   0.8   0.5   47206.   3.6  410.
2007  50  1   3.0   2.9   0.5   0.3   40698.   3.6  407.
2007  50  2   2.8   2.3  -0.9   0.2   47304.   3.8  400.
2007  50  3   3.2   3.1   1.1   0.3   35780.   4.1  407.
2007  50  4   3.3   2.7  -0.2   0.1   40829.   4.3  401.
2007  50  5   3.9   3.2  -2.4   1.5   48074.   4.5  393.
2007  50  6   3.2   2.8  -1.1   0.1   54385.   4.3  394.
2007  50  7   2.9   2.1  -0.5   1.5   51002.   4.6  397.
2007  50  8   3.1   2.1  -1.2   0.7   45323.   4.7  391.
2007  50  9   3.7   3.4  -1.6   2.0   39902.   4.8  387.
2007  50 10   3.3   3.0  -1.8   0.7   44772.   5.0  383.
2007  50 11   3.3   2.8  -2.5   0.5   47141.   5.5  379.
2007  50 12   4.0   3.8  -3.2  -2.0   45636.   6.0  376.
2007  50 13   3.9   3.5  -3.1  -1.5   48081.   6.1  378.
2007  50 14   4.6   3.9  -2.7  -2.7   44773.   4.4  381.
2007  50 15   3.9   2.5  -2.2   0.6   50526.   4.8  382.
2007  50 16   4.1   3.6  -2.0  -2.7   59320.   4.5  395.
2007  50 17   3.6   2.6   1.1   1.9   48494.   4.5  404.
2007  50 18   3.6   3.3   1.9   1.8   45297.   4.7  408.
2007  50 19   3.3   3.2   2.2   0.0   40632.   4.7  410.
2007  50 20   2.9   2.8   2.1   1.4   41824.   4.6  408.
2007  50 21   3.1   2.9   2.9   0.5   40349.   4.6  409.
2007  50 22   3.0   2.7   1.5   1.6   37029.   4.5  395.
2007  50 23   2.9   2.5   0.9   1.4   42280.   4.6  394.
2007  51  0   3.2   2.9  -0.5   0.0   45814.   4.7  390.
2007  51  1   3.1   2.9  -1.6  -0.1   48382.   4.0  384.
2007  51  2   3.2   3.1  -2.2   0.0   43036.   3.7  377.
2007  51  3   3.1   3.0  -2.4   0.1   41019.   3.9  375.
2007  51  4   3.0   2.4   1.6  -1.6   29717.   4.0  383.
2007  51  5   2.6   2.2  -1.6  -0.3   38016.   3.9  361.
2007  51  6   2.7   1.9  -1.5   1.0   42855.   4.0  358.
2007  51  7   3.6   3.2  -1.6   2.5   35942.   3.9  355.
2007  51  8   3.6   3.5  -2.0   1.2   42418.   4.7  356.
2007  51  9   3.9   3.6  -2.7  -1.2   40674.   4.9  351.
2007  51 10   3.7   3.5  -1.9  -1.7   40055.   4.7  352.
2007  51 11   3.6   2.7  -0.5  -0.5   33034.   5.2  356.
2007  51 12   3.8   3.5   1.9   1.6   27749.   5.5  365.
2007  51 13   3.7   2.5  -0.2   0.1   28588.   5.0  358.
2007  51 14   3.4   3.2  -1.7  -2.3   30236.   5.5  349.
2007  51 15   3.4   3.1  -2.7  -1.4   31016.   5.2  346.
2007  51 16   3.2   3.0  -2.6   0.6   28234.   4.4  339.
2007  51 17   3.1   2.5  -2.1   0.4   32523.   6.0  348.
2007  51 18   3.1   2.2  -1.8   0.2   33887.   6.1  346.
2007  51 19   2.9   2.6  -2.5   0.5   33778.   5.9  340.
2007  51 20   3.2   3.1  -2.4   1.2   30054.   6.3  338.
2007  51 21   3.1   2.7  -2.7  -0.2   29320.   6.4  337.
2007  51 22   3.1   2.1  -1.8   1.2   28670.   6.4  341.
2007  51 23   3.1   3.1  -2.2   2.1   30495.   6.7  334.
2007  52  0   3.3   3.2  -2.2   2.2   27637.   6.6  333.
2007  52  1   4.0   3.9  -3.9   0.1   24798.   5.3  333.
2007  52  2   3.5   3.4  -2.8  -0.8   25301.   5.7  328.
2007  52  3   3.6   3.4  -2.5  -1.9   20051.   6.0  325.
2007  52  4   3.6   2.9  -2.1  -1.4   21704.   5.4  324.
2007  52  5   2.9   2.5   1.3   1.2   28485.   5.3  334.
2007  52  6   3.1   2.7   2.0   0.9   29878.   5.1  335.
2007  52  7   2.8   2.7   2.3   0.3   30318.   5.5  338.
2007  52  8   2.0   1.7   1.7   0.2   35099.   5.6  330.
2007  52  9   2.9   2.8   2.1   0.7   24715.   4.7  336.
2007  52 10   2.3   2.2   2.0   0.5   31272.   5.3  331.
2007  52 11   2.9   2.7   1.5   0.9   28564.   5.4  331.
2007  52 12   3.7   3.5   2.0  -0.3   32012.   5.0  327.
2007  52 13   3.5   3.4   0.5  -1.5   34189.   5.2  326.
2007  52 14   2.3   2.1   0.3  -0.7   39703.   5.6  325.
2007  52 15   2.8   2.8  -2.3  -0.2   30538.   5.3  323.
2007  52 16   3.2   3.2  -2.7  -0.1   27263.   5.2  320.
2007  52 17   3.0   2.9  -2.3  -0.6   30584.   5.5  319.
2007  52 18   3.2   3.1  -1.8  -0.4   26498.   5.6  320.
2007  52 19   3.2   3.2  -1.0   0.2   23086.   6.0  320.
2007  52 20   3.3   3.2  -1.2   0.1   21684.   5.7  319.
2007  52 21   3.3   3.2  -1.9   0.1   22128.   5.8  315.
2007  52 22   3.3   3.3  -1.1   0.2   20487.   6.2  314.
2007  52 23   3.6   3.5  -2.9  -0.7   22616.   6.1  302.
2007  53  0   3.1   3.1  -2.7  -0.7   20639.   7.3  306.
2007  53  1   3.1   2.9  -2.2  -1.0   19287.   7.6  307.
2007  53  2   1.3   0.6   0.3  -0.1   16896.  10.7  315.
2007  53  3   1.2   0.7  -0.4  -0.1   14458.  11.0  316.
2007  53  4   1.9   1.3   0.8   0.6   13169.   8.4  310.
2007  53  5   1.4   1.3   0.2   0.2   12438.   8.3  305.
2007  53  6   1.4   0.7   0.6   0.3   12074.   8.8  309.
2007  53  7   1.5   1.4   0.7   0.6   12543.   8.8  309.
2007  53  8   1.7   1.6   1.2   0.6   11865.   8.9  309.
2007  53  9   1.9   1.9   1.7   0.7   11527.   8.7  308.
2007  53 10   2.0   1.9   1.6   1.0   13607.   9.8  308.
2007  53 11   2.8   2.5   1.4   1.4   14524.  10.7  311.
2007  53 12   2.9   2.5   0.7   0.8   15246.  11.4  314.
2007  53 13   3.0   2.9   0.9   0.1   12814.  11.0  312.
2007  53 14   3.4   3.3   0.7   0.9   20567.   9.5  311.
2007  53 15   4.3   4.2   1.1   0.2   20698.   7.6  308.
2007  53 16   3.9   3.7   1.0  -0.8   21703.   8.4  305.
2007  53 17   4.1   4.1   1.2   0.2   20460.   7.5  301.
2007  53 18   4.0   3.9   0.8   0.2   21876.   7.1  300.
2007  53 19   4.6   4.4   0.1   0.6   22809.   8.0  302.
2007  53 20   4.4   4.1   0.1  -2.0   23108.   8.3  301.
2007  53 21   3.9   3.6  -0.7  -1.9   21721.   8.7  299.
2007  53 22   3.7   2.9   0.1  -2.1   24384.   8.7  296.
2007  53 23   3.4   2.6   1.1   0.3   25815.   8.0  293.
2007  54  0   3.7   3.3   1.6   0.6   26097.   7.4  292.
2007  54  1   3.8   3.6   1.6   0.0   24083.   6.9  291.
2007  54  2   3.6   3.5   0.5   0.1   24360.   7.5  293.
2007  54  3   3.3   3.2   1.3  -1.7   23753.   7.7  290.
2007  54  4   3.1   2.8   0.8  -1.0   21128.   7.8  290.
2007  54  5   3.1   3.0   1.3  -0.1   19425.   7.8  288.
2007  54  6   3.7   3.3   2.2   1.8   19135.   8.0  284.
2007  54  7   3.6   3.1   1.4   2.7   28140.  10.9  293.
2007  54  8   4.1   3.7   1.3   2.4   27127.  10.8  292.
2007  54  9   3.7   3.0   1.6   2.3   26312.  10.9  288.
2007  54 10   3.9   3.6   3.5   0.4   21577.   9.6  282.
2007  54 11   3.4   3.3   2.4  -1.4   24111.  10.7  283.
2007  54 12   3.3   2.9   2.2  -1.8   24564.  11.0  284.
2007  54 13   3.1   3.0   2.3  -1.2   27152.  11.5  282.
2007  54 14   3.9   3.6   3.3  -1.5   26134.   9.4  282.
2007  54 15   3.6   3.2   3.2  -0.2   27931.   9.2  283.
2007  54 16   3.5   3.1   2.9   0.7   26696.   9.0  279.
2007  54 17   3.4   2.1   1.1   1.1   32815.   9.6  284.
2007  54 18   4.0   3.4  -0.2  -0.4   35089.   9.6  287.
2007  54 19   4.7   4.2   0.6   0.2   32139.   9.2  284.
2007  54 20   4.1   3.5   1.7  -0.6   36444.   9.6  282.
2007  54 21   4.1   3.5   2.1  -2.7   39562.   9.5  281.
2007  54 22   3.9   3.8   1.7  -2.3   36189.   9.1  282.
2007  54 23   4.0   3.9   2.6  -0.9   32697.   8.6  276.
2007  55  0   4.2   4.1   1.1  -0.7   35790.   9.8  280.
2007  55  1   4.2   4.0   2.1   0.4   31785.   8.5  274.
2007  55  2   4.0   3.9   1.9   0.3   32941.   9.1  274.
2007  55  3   4.1   4.1   2.2   1.8   31109.   9.1  274.
2007  55  4   4.2   3.9   1.7   1.8   30167.   9.3  279.
2007  55  5   4.3   3.8   2.2   0.3   27791.   8.2  275.
2007  55  6   4.1   3.8   3.4  -0.3   26461.   6.8  267.
2007  55  7   4.8   4.6   0.1   1.9   28522.   8.4  289.
2007  55  8   4.5   3.8   0.1   3.0   28764.   8.8  286.
2007  55  9   4.5   4.3   0.9   1.8   27583.   8.4  278.
2007  55 10   5.3   5.2   1.4   1.8   21714.   7.0  278.
2007  55 11   5.1   4.8   2.5   0.4   22095.   7.2  273.
2007  55 12   5.2   4.9   1.9   2.2   26312.   8.4  272.
2007  55 13   5.4   5.1   2.4   1.7   24803.   8.2  271.
2007  55 14   5.9   5.9   2.8   1.9   23519.   7.4  273.
2007  55 15   6.1   6.0   2.1   1.7   27128.   8.5  276.
2007  55 16   6.7   6.6   1.4   2.0   25278.   8.5  285.
2007  55 17   6.9   6.7   1.4   3.5   24301.   9.1  286.
2007  55 18   5.9   5.7  -0.6   5.1   18329.  12.1  293.
2007  55 19   5.9   5.9  -0.2   4.3   12473.  12.1  291.
2007  55 20   6.0   5.6   0.2   2.8   14024.   9.7  288.
2007  55 21   6.2   5.9   0.9   2.3   12767.   7.7  286.
2007  55 22   5.5   4.9   1.1   1.5   11536.   8.6  287.
2007  55 23   4.9   4.8   2.5   0.6   11622.  10.1  290.
2007  56  0   4.8   4.7   1.8   1.3   10427.  11.4  292.
2007  56  1   5.8   5.8   2.1   0.8   11551.   9.9  289.
2007  56  2   6.3   6.2   2.6   0.3   12739.   9.4  286.
2007  56  3   5.9   5.6   2.4  -0.4   13396.  10.7  287.
2007  56  4   6.6   6.6   2.2  -0.3   10134.   9.1  292.
2007  56  5   5.3   5.0   1.4   0.5   16846.  10.2  290.
2007  56  6   5.0   4.6   1.6   1.0   18581.  10.2  289.
2007  56  7   5.0   4.8   1.7   1.0   18594.  10.0  291.
2007  56  8   5.1   5.1   2.6  -0.4   17173.  10.0  289.
2007  56  9   4.8   4.6   1.7   1.5   20553.   9.8  290.
2007  56 10   5.1   5.0   1.2   1.7   19638.   9.7  294.
2007  56 11   4.4   4.3   0.8   1.6   20581.  10.0  294.
2007  56 12   4.2   4.2   1.1   0.6   21061.   9.7  292.
2007  56 13   4.2   4.0  -0.2  -0.4   21578.  10.1  294.
2007  56 14   5.1   5.0  -2.4  -1.5   18581.  10.3  300.
2007  56 15   4.9   4.9  -1.4  -1.1   19462.  11.4  298.
2007  56 16   5.2   5.1  -2.1  -1.5   17961.  12.0  300.
2007  56 17   5.1   5.1  -2.2  -1.1   18333.  12.2  299.
2007  56 18   4.2   4.2  -1.5  -1.0   18659.  12.2  297.
2007  56 19   4.2   4.0  -1.9   0.1   18392.  13.3  297.
2007  56 20   4.5   4.4  -2.9   0.0   21702.  17.3  304.
2007  56 21   3.5   3.0   0.2  -1.3   19650.  24.1  307.
2007  56 22   2.8   2.2  -1.6   0.9   22143.  25.1  309.
2007  56 23   4.3   3.2  -1.6  -2.5   25280.  24.2  314.
2007  57  0   8.2   7.6   0.2   0.6   23084.  19.2  326.
2007  57  1   9.8   9.8   1.0   1.5   23177.  15.9  332.
2007  57  2  10.6  10.5   2.0   3.7   21006.  15.4  331.
2007  57  3   7.2   2.5   2.1  -1.1   25371.  39.2  344.
2007  57  4   6.4   4.4  -0.4   2.0   40708.  33.8  337.
2007  57  5  10.4   8.4  -3.3   2.7   54449.  12.0  349.
2007  57  6  12.0  11.1  -5.1   2.4   70832.   3.9  365.
2007  57  7  11.2  10.8  -4.7   8.9  125246.   3.5  374.
2007  57  8   8.9   7.1   2.7  -6.6  212788.   3.6  398.
2007  57  9  10.2   9.9  -4.6   4.2  331260.   2.6  400.
2007  57 10   9.5   9.1  -4.9   6.0  371649.   3.5  414.
2007  57 11   8.5   8.1  -4.3   5.6  338947.   2.9  432.
2007  57 12   8.3   8.2  -5.9   3.8  238206.   2.7  421.
2007  57 13   8.4   8.2  -6.4   3.5  213701.   2.5  419.
2007  57 14   7.6   7.6  -5.8   2.3  185955.   2.6  431.
2007  57 15   7.5   7.4  -5.2   1.6  136533.   1.7  430.
2007  57 16   7.2   7.0  -4.8   0.2  170844.   2.7  413.
2007  57 17   7.4   7.4  -5.0   0.4  171892.   3.0  402.
2007  57 18   7.4   7.3  -5.0   0.2  133151.   2.4  398.
2007  57 19   7.3   7.2  -5.4   0.3  160092.   2.8  383.
2007  57 20   6.7   6.6  -3.5   1.5  122360.   4.0  376.
2007  57 21   6.5   6.3  -4.1  -0.1  116021.   4.1  368.
2007  57 22   5.7   5.4  -1.5   3.0   87744.   4.7  362.
2007  57 23   5.1   4.6  -2.2   2.6   96212.   4.9  359.
2007  58  0   4.7   4.0  -1.2   3.0  121675.   5.8  350.
2007  58  1   5.4   5.1   0.0   3.5  102809.   5.5  359.
2007  58  2   7.2   6.8   0.1   4.3   81358.   6.1  370.
2007  58  3   8.1   7.9   0.0   4.0   68578.   6.1  382.
2007  58  4   8.2   8.0   0.0   4.0   66298.   7.2  382.
2007  58  5   8.7   8.7   0.8   3.8   74112.  10.1  382.
2007  58  6  10.3   8.8  -1.1   1.9   92504.  13.9  386.
2007  58  7  13.2   9.4  -1.0   1.8   77441.  15.4  399.
2007  58  8   8.8   5.3  -2.6  -4.4  220199.  10.6  427.
2007  58  9   7.4   6.0  -2.2   3.4  239353.  10.5  443.
2007  58 10   8.2   7.8  -5.0   0.4  184387.   9.7  427.
2007  58 11   8.3   6.5  -4.1   0.1  206522.   9.5  453.
2007  58 12   6.8   6.3  -6.3   0.4  226447.  10.2  446.
2007  58 13   6.3   3.3  -0.3   3.1  238383.   9.9  467.
2007  58 14   7.7   6.1  -3.9   0.5  205763.   8.6  460.
2007  58 15   7.4   6.7  -4.5  -3.6  206755.   8.3  467.
2007  58 16   6.8   5.9  -5.1  -1.6  209026.   7.5  471.
2007  58 17   5.7   5.4  -5.0  -0.1  212913.   7.5  476.
2007  58 18   6.2   5.7  -3.0  -4.8  196455.   5.3  515.
2007  58 19   5.6   2.7  -2.6   0.0  233999.   4.7  538.
2007  58 20   5.3   3.4  -2.8   1.0  212180.   4.4  551.
2007  58 21   7.3   7.1  -2.0   5.6  150812.   3.5  570.
2007  58 22   6.3   6.3  -6.0  -1.4  165485.   3.7  540.
2007  58 23   6.4   6.0  -5.6  -1.8  171881.   4.0  537.
2007  59  0   4.8   2.4  -1.0   1.6  276052.   4.1  603.
2007  59  1   4.6   3.3  -2.8  -1.1  277199.   4.0  610.
2007  59  2   5.9   3.1  -0.6   1.9  217603.   3.6  631.
2007  59  3   7.1   5.9  -4.5   2.2  195831.   4.1  616.
2007  59  4   6.7   5.7  -4.9  -2.5  181906.   4.0  615.
2007  59  5   7.5   1.9  -1.0   1.6  218474.   4.8  632.
2007  59  6   7.2   6.0  -5.2  -2.0  268494.   5.1  632.
2007  59  7   6.9   4.9  -2.0  -0.8  300833.   5.0  654.
2007  59  8   7.2   5.9  -4.7  -1.2  297726.   5.0  632.
2007  59  9   8.1   7.2  -6.0  -2.4  266936.   5.4  623.
2007  59 10   7.8   7.2  -6.5  -2.2  267922.   4.5  617.
2007  59 11   5.4   4.8  -3.8   1.5  266376.   3.5  639.
2007  59 12   4.3   3.6  -3.2   0.4  206067.   2.6  619.
2007  59 13   3.9   3.1  -2.7   1.1  200191.   2.9  629.
2007  59 14   4.4   1.9  -0.8   1.7  196245.   3.5  650.
2007  59 15   4.5   4.0   0.0   1.5  177657.   3.6  656.
2007  59 16   4.6   2.7  -1.2   1.1  200061.   3.7  647.
2007  59 17   5.2   4.8  -3.3  -0.5  197377.   3.3  640.
2007  59 18   4.7   1.1  -1.1   0.1  266180.   3.2  651.
2007  59 19   5.0   1.0  -0.4  -0.2  232152.   3.1  658.
2007  59 20   5.0   4.6  -3.0   0.1  256050.   2.8  641.
2007  59 21   4.9   4.4  -4.2  -1.2  261874.   3.1  643.
2007  59 22   4.4   3.4  -2.8  -1.1  214658.   3.1  661.
2007  59 23   4.8   4.8  -4.3  -1.8  171476.   2.8  645.
2007  60  0   4.2   3.6  -2.8  -0.6  165656.   2.5  646.
2007  60  1   3.9   3.4  -1.7   0.5  146721.   2.4  621.
2007  60  2   3.4   2.0  -0.8  -0.1  162219.   2.9  621.
2007  60  3   3.5   2.4   0.1  -1.8  152484.   3.1  612.
2007  60  4   3.6   2.8  -2.8   0.1  177592.   3.0  590.
2007  60  5   3.7   2.4  -1.6  -1.1  193533.   3.0  608.
2007  60  6   3.7   2.4  -1.4  -1.7  187867.   2.6  605.
2007  60  7   3.6   2.2  -0.2  -0.3  167457.   2.5  625.
2007  60  8   3.3   2.8  -0.8  -1.8  173797.   2.5  625.
2007  60  9   2.6   1.7  -1.4  -0.4  189942.   2.8  629.
2007  60 10   2.5   1.5  -0.4   1.5  187656.   2.7  637.
2007  60 11   3.2   2.4  -1.5  -1.8  170337.   2.4  623.
2007  60 12   3.0   2.5  -2.2  -1.2  158944.   2.3  617.
2007  60 13   2.9   2.3  -2.1  -0.9  146574.   2.4  612.
2007  60 14   3.5   3.3  -1.0  -2.4  150688.   2.3  608.
2007  60 15   3.9   3.8   0.1  -1.7  140644.   2.2  609.
2007  60 16   4.0   3.7  -0.2  -1.4  149201.   2.4  610.
2007  60 17   3.9   3.1  -0.2   1.8  149151.   2.6  615.
2007  60 18   3.5   3.1   0.3   0.5  143062.   2.4  607.
2007  60 19   3.0   2.6   0.8   1.1  141536.   2.3  601.
2007  60 20   2.5   2.2  -0.6   0.3  129029.   1.8  597.
2007  60 21   2.0   1.6  -0.8   1.0  112265.   1.7  601.
2007  60 22   2.0   1.5  -0.7   0.6   98140.   1.8  592.
2007  60 23   2.6   2.5  -1.6   0.8   81888.   1.9  573.
2007  61  0   2.7   2.5  -2.0   1.4   81025.   1.9  564.
2007  61  1   2.8   2.7  -2.4   0.6   80022.   1.9  557.
2007  61  2   3.1   3.0  -1.7   1.2   78917.   1.9  554.
2007  61  3   2.8   2.6  -1.7  -0.3   88315.   2.2  549.
2007  61  4   2.8   2.6  -2.2  -1.1   75703.   2.8  538.
2007  61  5   2.8   2.7  -1.3  -1.6   73031.   2.0  536.
2007  61  6   2.8   2.7  -1.8  -1.2   69323.   1.7  528.
2007  61  7   2.9   2.9  -2.2  -0.9   61648.   1.6  519.
2007  61  8   3.1   3.1  -2.7  -0.7   50303.   1.6  514.
2007  61  9   3.2   3.1  -2.6  -0.4   56673.   1.6  513.
2007  61 10   3.4   3.4  -2.7  -0.6   43195.   1.6  505.
2007  61 11   3.3   3.3  -2.6  -0.9   47397.   1.4  500.
2007  61 12   3.0   2.9  -1.9  -1.1   63975.   1.6  481.
2007  61 13   2.9   2.9  -1.6  -1.1   68037.   1.7  470.
2007  61 14   2.9   2.8  -1.6  -0.9   59447.   1.8  459.
2007  61 15   2.8   2.6  -1.4  -0.3   66900.   2.2  448.
2007  61 16   2.5   2.1  -1.1  -1.3   73008.   2.7  438.
2007  61 17   2.6   2.3   1.9  -1.2   60945.   3.1  429.
2007  61 18   2.4   2.3   2.1  -0.4   69465.   3.5  430.
2007  61 19   2.5   2.4   2.1  -0.6   60253.   3.8  425.
2007  61 20   2.2   1.7  -0.2  -1.6   60637.   3.7  404.
2007  61 21   3.0   2.9  -1.2  -2.2   44091.   3.8  391.
2007  61 22   3.3   3.1  -1.8  -1.3   36610.   4.0  382.
2007  61 23   3.3   3.1  -1.6  -0.6   39889.   4.1  382.
2007  62  0   3.2   3.2  -1.8  -0.5   37122.   4.3  379.
2007  62  1   2.9   2.7  -0.9  -0.7   46462.   4.1  381.
2007  62  2   2.7   2.6  -1.3   0.0   44819.   4.0  387.
2007  62  3   2.3   2.3  -0.7   0.0   43377.   4.0  384.
2007  62  4   2.1   2.0  -1.1  -0.6   43838.   3.9  374.
2007  62  5   2.1   2.0  -1.4  -0.6   40562.   3.9  367.
2007  62  6   2.2   2.1  -1.5  -1.1   39595.   4.0  365.
2007  62  7   2.0   1.9  -1.0  -0.9   39727.   4.2  362.
2007  62  8   2.6   2.5   1.9   0.1   20608.   4.6  372.
2007  62  9   2.8   2.7   2.2  -0.2   17487.   4.9  371.
2007  62 10   2.8   2.7   2.1  -0.7   16218.   5.0  368.
2007  62 11   2.8   2.3   1.1   0.0   20532.   4.7  360.
2007  62 12   3.5   3.0   0.4   1.2   21607.   4.6  356.
2007  62 13   3.4   3.2   0.8  -1.2   22363.   5.1  358.
2007  62 14   3.2   3.1   1.6  -2.2   22694.   5.1  356.
2007  62 15   3.7   3.3   2.2  -1.7   26820.   4.8  352.
2007  62 16   4.0   4.0   2.5   1.2   26055.   4.6  349.
2007  62 17   3.1   2.5  -1.5  -0.7   29946.   3.3  341.
2007  62 18   3.0   2.6  -0.8  -0.7   27000.   4.2  341.
2007  62 19   3.0   2.8   0.4  -2.2   25000.   5.4  346.
2007  62 20   3.1   3.1   1.8   0.0   23069.   6.5  354.
2007  62 21   3.6   3.3   1.9   0.0   24606.   6.3  357.
2007  62 22   3.7   3.4   0.3   2.4   27334.   6.6  349.
2007  62 23   3.5   3.1   0.6   1.4   26110.   6.9  350.
2007  63  0   3.9   3.8   0.6   2.3   19906.   6.4  348.
2007  63  1   3.6   2.9  -1.0   0.2   23000.   5.9  341.
2007  63  2   3.8   3.3  -2.0  -0.4   25000.   5.3  343.
2007  63  3   2.9   1.7   0.7   1.5   26810.   4.9  343.
