2008 325  7   3.7   3.4   0.8   0.0   17140.   7.2  298.
2008 325  8   3.9   3.8   2.0   0.6   15140.   7.2  291.
2008 325  9   4.0   4.0   1.5   0.8   12317.   7.8  293.
2008 325 10   3.7   3.6   0.3   0.4   13346.  10.0  301.
2008 325 11   5.0   5.0   0.3   1.6   10176.   8.7  299.
2008 325 12   5.5   5.4   0.8   1.4    9321.   8.7  297.
2008 325 13   4.8   3.9   1.0   0.7   14854.   9.3  296.
2008 325 14   5.3   5.3  -0.5   3.3   18535.   6.7  305.
2008 325 15   5.2   5.1  -0.3   3.1   19637.   7.2  306.
2008 325 16   4.5   4.4   1.2   1.5   16190.   7.6  301.
2008 325 17   4.1   4.1   3.2  -1.8   14560.   9.1  306.
2008 325 18   3.9   3.5   3.0  -1.1   21000.   5.2  308.
2008 325 19   3.5   3.3   2.0   0.6   26496.   5.5  312.
2008 325 20   3.5   3.1   2.5  -1.3   27540.   6.1  313.
2008 325 21   4.0   3.9   3.1  -2.0   27995.   6.1  314.
2008 325 22   4.2   3.9   3.4  -1.7   25387.   5.1  310.
2008 325 23   4.2   4.1   3.9  -1.4   24913.   4.7  306.
2008 326  0   4.0   3.9   3.8  -1.0   26368.   4.4  300.
2008 326  1   3.9   3.2   3.0  -0.4   28977.   5.4  305.
2008 326  2   4.0   3.3   0.6   2.0   31689.   7.2  318.
2008 326  3   2.7   2.0  -0.6   1.9   37023.   7.7  328.
2008 326  4   1.8   1.3  -1.1   0.5   33918.   8.5  336.
2008 326  5   2.2   1.6  -1.5   0.4   30326.   8.0  337.
2008 326  6   2.1   1.8  -1.1   1.4   28882.   7.6  330.
2008 326  7   2.7   2.4   0.2   1.8   31051.   7.1  328.
2008 326  8   2.8   2.2  -1.6   1.2   30095.   7.0  331.
2008 326  9   2.9   2.1  -1.2   1.7   33814.   6.7  328.
2008 326 10   3.2   2.6   1.4   1.1   35560.   6.9  321.
2008 326 11   3.4   3.3   1.1   1.9   33609.   6.7  317.
2008 326 12   3.3   3.1  -0.1   1.0   35758.   7.0  317.
2008 326 13   3.3   2.9  -1.6   1.9   36796.   7.2  315.
2008 326 14   2.2   1.8   0.4   1.6   43180.   6.9  312.
2008 326 15   2.0   1.7  -0.4   1.4   42933.   6.9  307.
2008 326 16   2.4   1.9   1.4   1.0   39812.   6.1  302.
2008 326 17   2.5   1.7   1.6   0.7   41607.   5.9  298.
2008 326 18   2.3   2.1   1.2   0.5   40850.   6.1  297.
2008 326 19   2.3   1.9   0.6   1.0   39892.   6.4  293.
2008 326 20   2.0   1.6  -0.1   1.6   41768.   6.2  292.
2008 326 21   2.6   1.6  -1.6   0.2   37288.   6.1  294.
2008 326 22   2.2   2.0  -1.1   0.0   34279.   6.0  288.
2008 326 23   1.7   1.4  -0.1  -1.1   38436.   6.0  283.
2008 327  0   1.6   1.3   0.5   0.1   37138.   6.1  282.
2008 327  1   2.4   2.3   1.1   0.3   24821.   6.5  276.
2008 327  2   2.6   2.4   0.7   0.5   24478.   7.2  276.
2008 327  3   2.9   2.8   1.3   0.0   27617.   7.2  285.
2008 327  4   2.8   2.6   0.6   0.7   26880.   8.5  291.
2008 327  5   2.8   2.5   0.4  -0.7   27049.   8.6  292.
2008 327  6   2.7   2.3   0.4   0.1   23468.   9.4  291.
2008 327  7   2.7   2.0  -0.7   1.8   22227.   9.7  290.
2008 327  8   2.2   2.1   0.7   1.9   20352.   9.7  283.
2008 327  9   1.9   1.8   1.4   0.0   17992.  10.0  278.
2008 327 10   2.0   0.8   0.2   0.2   17668.  10.1  284.
2008 327 11   2.0   1.5   0.6   0.9   18011.  10.3  283.
2008 327 12   2.4   2.2  -1.2   1.1   17386.   9.7  285.
2008 327 13   2.3   2.1  -1.3   0.4   18310.   9.7  285.
2008 327 14   2.4   2.3   1.7  -0.7   17616.   9.5  278.
2008 327 15   2.4   1.8   0.4   0.3   17032.   9.1  280.
2008 327 16   2.3   2.1   1.6  -0.9   16738.   9.0  277.
2008 327 17   2.0   1.5   0.7  -0.4   17151.   9.3  276.
2008 327 18   2.0   1.8   0.2   0.0   14388.  10.6  282.
2008 327 19   2.4   1.7   0.7   1.1   16492.  11.2  283.
2008 327 20   2.6   2.6  -1.0   0.1   15035.  12.7  285.
2008 327 21   2.8   1.4  -0.6   0.9   12612.  13.4  287.
2008 327 22   2.6   2.4   0.1   0.5   14352.  13.8  289.
2008 327 23   2.4   2.3  -0.6  -0.8   12286.  15.1  289.
2008 328  0   2.0   1.9  -0.8  -0.8   10908.  15.8  289.
2008 328  1   3.7   2.5  -1.1  -2.3   16243.  11.1  291.
2008 328  2   3.8   3.7  -0.2  -1.0   33411.   7.3  296.
2008 328  3   3.5   2.8  -0.9  -1.6   31574.   6.9  297.
2008 328  4   3.6   3.4  -0.4  -2.9   29394.   6.6  299.
2008 328  5   3.7   3.4  -1.3  -2.9   25661.   6.5  299.
2008 328  6   3.1   2.8  -1.1  -0.6   30156.   6.9  302.
2008 328  7   3.5   3.1  -2.2  -1.8   28941.   6.7  299.
2008 328  8   3.4   2.9  -0.7  -2.6   30646.   6.8  304.
2008 328  9   3.2   3.0  -1.9  -2.3   29147.   6.2  297.
2008 328 10   3.0   2.4  -1.0  -1.2   29840.   6.3  300.
2008 328 11   2.5   2.2  -1.2  -0.5   30833.   6.1  298.
2008 328 12   1.9   1.6  -0.2  -1.1   33925.   6.2  300.
2008 328 13   2.3   2.0  -1.1  -0.7   31326.   5.9  293.
2008 328 14   2.3   1.9  -1.6  -1.1   31554.   5.7  292.
2008 328 15   2.8   2.7  -2.4  -1.3   28759.   5.1  291.
2008 328 16   2.8   2.6  -2.3  -0.8   27595.   5.1  288.
2008 328 17   2.5   2.4  -1.7  -0.1   28739.   5.2  288.
2008 328 18   2.5   2.2  -1.1  -0.2   28715.   5.1  289.
2008 328 19   2.5   2.5  -1.9  -0.3   24213.   5.1  283.
2008 328 20   2.5   2.5  -1.9  -0.6   20371.   5.1  280.
2008 328 21   2.5   2.4  -1.6  -0.2   21030.   5.1  280.
2008 328 22   2.3   2.3  -1.6  -0.1   17030.   5.7  278.
2008 328 23   2.1   2.1  -1.4  -0.2   13153.   6.6  275.
2008 329  0   2.1   2.0  -1.1   0.4   12779.   6.5  275.
2008 329  1   2.0   1.9  -1.2   0.2   12118.   6.9  273.
2008 329  2   1.9   1.8  -0.5   0.2   11704.   7.7  275.
2008 329  3   2.1   2.1  -0.1   0.8   11687.   7.6  279.
2008 329  4   2.5   2.1  -0.3   1.4   13205.   7.2  279.
2008 329  5   2.5   1.8  -1.0   1.4   11014.   7.6  278.
2008 329  6   2.4   2.4  -0.6   1.9    7462.   8.4  277.
2008 329  7   2.1   2.0  -0.2   1.3    8281.   8.5  278.
2008 329  8   1.6   1.6   0.3   1.0    8556.   8.6  277.
2008 329  9   2.1   1.7   0.6   0.0    9173.   7.5  274.
2008 329 10   2.5   2.5   0.7   1.0    8817.   7.1  274.
2008 329 11   2.2   2.0   0.7  -0.8    9824.   8.2  273.
2008 329 12   2.4   2.1   0.3  -0.5    9878.   8.3  274.
2008 329 13   2.4   2.4   0.4   1.1    9169.   8.1  271.
2008 329 14   2.6   2.3   0.7  -0.3   11243.   7.7  269.
2008 329 15   2.7   2.6   0.7   1.4   11894.   7.6  268.
2008 329 16   2.6   2.4   0.2   0.1   12040.   7.6  268.
2008 329 17   2.7   2.6   0.5   1.1   12981.   7.7  266.
2008 329 18   2.7   2.5   1.2   2.2   14749.   8.0  267.
2008 329 19   2.8   2.4   1.3   1.1   15483.   8.2  267.
2008 329 20   2.5   2.3   0.7   1.7   15585.   9.0  270.
2008 329 21   2.9   2.7   0.9   1.7   15145.   9.5  269.
2008 329 22   4.0   3.9   2.0   1.9   12576.   9.1  266.
2008 329 23   3.6   3.1   1.3   2.1   15223.  10.7  267.
2008 330  0   7.7   6.1   3.3  -3.0   39245.  25.6  314.
2008 330  1  10.9  10.1   3.3  -1.6   54744.  35.8  337.
2008 330  2  15.3  13.5   5.6   0.2   45791.  47.3  346.
2008 330  3  13.3  11.6   3.9  -2.9   41066.  72.0  349.
2008 330  4  19.4  16.1   2.5  -5.1  119045.  38.2  368.
2008 330  5  21.9  21.4   3.0 -11.9  280485.  15.1  403.
2008 330  6  21.0  19.9  10.1   8.2  358880.  12.9  438.
2008 330  7  19.1  18.7   7.4   5.0  378565.  13.7  459.
2008 330  8  13.6   9.5   7.0   3.7  484924.  18.2  489.
2008 330  9  12.3   9.6   7.0   3.6  460905.  15.6  514.
2008 330 10  10.2   8.8   6.0   3.5  373004.  11.5  530.
2008 330 11   6.4   5.2   3.0   1.5  260223.   5.3  583.
2008 330 12   6.2   5.0   4.5  -0.7  237702.   5.9  580.
2008 330 13   6.3   2.6   0.1   0.8  237795.   5.1  600.
2008 330 14   5.6   4.1   3.1   1.2  243726.   4.9  574.
2008 330 15   6.4   4.8   2.3  -1.7  210271.   4.7  579.
2008 330 16   6.7   5.1   3.7  -0.2  201216.   4.2  567.
2008 330 17   6.5   5.9   3.9   0.4  166761.   3.5  568.
2008 330 18   6.2   5.4   3.8  -0.7  155081.   3.0  564.
2008 330 19   5.8   4.9   0.9   0.3  165918.   3.2  598.
2008 330 20   5.5   5.0   3.0   0.2  146256.   3.0  567.
2008 330 21   5.5   4.6   1.3   0.6  170929.   3.4  582.
2008 330 22   5.7   4.8   0.9   0.3  196788.   3.7  581.
2008 330 23   4.8   3.0   2.2   0.2  219271.   3.5  589.
2008 331  0   5.1   4.5   2.7   0.7  201445.   3.4  589.
2008 331  1   5.0   4.4   4.1  -0.1  169121.   2.6  557.
2008 331  2   4.9   4.5   4.4  -0.8  157636.   2.7  561.
2008 331  3   5.2   4.9   4.8   0.4  134099.   2.2  551.
2008 331  4   4.3   2.1   1.9  -0.3  200899.   2.7  591.
2008 331  5   4.3   2.7  -1.9  -1.9  208005.   2.9  625.
2008 331  6   4.5   2.7  -1.0  -2.6  195685.   3.0  616.
2008 331  7   4.8   3.9   1.7  -1.6  201378.   3.2  599.
2008 331  8   5.5   4.9   3.0  -0.5  171087.   3.9  587.
2008 331  9   5.2   4.9   2.8   2.2  158066.   3.7  579.
2008 331 10   5.7   5.2   2.1   1.8  135492.   3.0  572.
2008 331 11   5.7   5.3   2.7   1.7  111989.   2.8  566.
2008 331 12   5.0   3.4   2.7  -0.2  134961.   2.8  570.
2008 331 13   4.6   3.5   3.0  -0.7  142204.   2.9  566.
2008 331 14   4.7   3.9   3.2   0.7  120142.   2.5  555.
2008 331 15   5.1   4.4   1.7   1.8  136535.   3.0  583.
2008 331 16   4.2   2.0   0.4  -0.9  201706.   3.4  609.
2008 331 17   4.4   1.0   0.8   0.4  223231.   3.9  620.
2008 331 18   4.2   2.3   1.8   1.4  213714.   3.8  620.
2008 331 19   4.0   2.3   2.2   0.5  212750.   3.5  622.
2008 331 20   3.9   1.8   1.1  -0.4  223508.   3.0  638.
2008 331 21   3.9   2.7   2.3   0.1  219676.   2.8  633.
2008 331 22   4.1   3.3  -0.4   0.4  204820.   2.3  658.
2008 331 23   4.5   4.2   1.8  -1.7  168245.   2.6  647.
2008 332  0   4.6   4.4   2.2  -1.7  153923.   2.5  635.
2008 332  1   4.1   3.5   2.7   0.6  153565.   2.3  627.
2008 332  2   3.8   3.4   2.7  -0.1  157951.   2.2  620.
2008 332  3   3.3   2.9   1.7  -0.3  150113.   2.2  613.
2008 332  4   2.9   2.6   2.4  -1.0  146424.   2.2  598.
2008 332  5   3.1   2.2   2.0  -0.8  157266.   2.2  587.
2008 332  6   2.9   1.7   0.7  -0.5  154944.   2.2  590.
2008 332  7   3.0   2.5   2.1  -0.9  143165.   2.0  568.
2008 332  8   3.0   2.7   2.5  -1.0  125804.   1.9  558.
2008 332  9   3.0   2.3   2.0  -0.9  117280.   2.0  562.
2008 332 10   3.0   2.3   0.9   0.9  132412.   1.9  568.
2008 332 11   2.7   2.1   0.2  -1.2  162407.   2.2  570.
2008 332 12   3.0   1.7  -0.7   0.1  143776.   1.9  576.
2008 332 13   2.7   1.5   1.1  -0.2  157910.   2.0  552.
2008 332 14   3.0   2.1   1.3  -1.6  136057.   1.8  545.
2008 332 15   2.8   1.9  -0.1  -1.1  126232.   1.7  551.
2008 332 16   3.1   2.5   1.2  -0.2  105639.   1.5  525.
2008 332 17   3.1   2.8   1.2  -1.9   94372.   1.4  521.
2008 332 18   3.2   2.5   0.6  -0.7   93322.   1.5  524.
2008 332 19   3.3   2.5   1.8  -0.8   95247.   1.5  505.
2008 332 20   3.6   2.7   1.2  -2.1   90963.   1.6  509.
2008 332 21   3.7   3.5   2.8   2.0   71891.   1.6  484.
2008 332 22   3.6   3.3   1.6   1.4   76440.   2.1  497.
2008 332 23   3.6   3.2   0.6   0.3   80050.   2.4  513.
2008 333  0   3.7   3.2   0.5  -0.3   77497.   2.2  507.
2008 333  1   3.3   2.6   1.3  -0.8   81581.   2.2  498.
2008 333  2   3.2   1.8   0.5  -0.4   77591.   2.2  510.
2008 333  3   3.3   2.8   2.5   1.0   74621.   1.9  481.
2008 333  4   3.7   3.2   0.6  -1.2   76577.   2.4  507.
2008 333  5   3.4   2.5   0.6  -0.4   76338.   2.5  504.
2008 333  6   3.5   2.1   0.5   0.8   85360.   2.9  508.
2008 333  7   3.7   2.9  -0.1   2.8   78797.   3.5  514.
2008 333  8   4.1   3.4  -0.1   1.8   77588.   3.6  506.
2008 333  9   3.6   2.7  -0.1   1.9   79718.   3.3  501.
2008 333 10   3.4   3.0   2.0   2.1   83115.   3.0  490.
2008 333 11   3.2   2.8   1.0   2.5   87077.   3.3  493.
2008 333 12   3.5   2.1   1.2   1.7   72336.   3.0  491.
2008 333 13   3.7   2.6  -0.2   0.1   67894.   3.3  491.
2008 333 14   3.9   3.4  -1.1  -0.6   69710.   3.6  494.
2008 333 15   3.3   2.6  -0.2  -1.0   83429.   3.2  482.
2008 333 16   3.5   2.2  -0.8   0.7   73205.   2.7  472.
2008 333 17   3.1   2.8   2.0  -0.4   90873.   3.3  481.
2008 333 18   3.5   3.1   2.9  -1.0   67846.   2.8  465.
2008 333 19   3.6   3.5   3.4  -0.5   58755.   2.7  460.
2008 333 20   3.5   3.3   2.6  -2.0   62590.   2.8  464.
2008 333 21   2.5   2.3   1.7  -1.4   75251.   3.4  463.
2008 333 22   2.8   1.7   0.8  -1.2   74125.   3.7  467.
2008 333 23   2.9   2.6  -2.0   0.5   70157.   3.6  482.
2008 334  0   2.5   1.5  -0.1   0.8   77924.   3.6  468.
2008 334  1   3.1   2.3   0.7   1.0   66021.   3.5  463.
2008 334  2   2.7   2.5  -0.9  -0.4   67941.   3.8  467.
2008 334  3   2.5   1.9  -1.4   0.4   69261.   3.5  468.
2008 334  4   2.7   2.0   1.7  -0.6   68036.   3.1  452.
2008 334  5   2.4   2.0   1.9  -0.3   70814.   3.1  450.
2008 334  6   2.7   2.7   2.4  -0.6   68257.   2.9  443.
2008 334  7   2.8   2.7   2.3  -0.6   62431.   2.8  444.
2008 334  8   2.7   2.7   2.2  -1.2   58126.   2.8  438.
2008 334  9   3.0   3.0   2.1  -1.8   44078.   2.6  433.
2008 334 10   2.5   2.0   1.7  -0.4   53191.   2.3  413.
2008 334 11   2.7   2.6  -1.3   2.2   44463.   2.3  429.
2008 334 12   2.2   1.5  -1.1   1.0   55647.   2.6  420.
2008 334 13   2.0   0.9   0.8   0.2   58914.   2.7  405.
2008 334 14   2.0   1.8   1.8  -0.4   61923.   2.7  399.
2008 334 15   1.9   1.7   1.4   0.0   57548.   2.6  397.
2008 334 16   2.1   1.6   0.6  -1.3   53396.   2.6  400.
2008 334 17   2.3   1.8   1.3  -0.6   51396.   2.9  397.
2008 334 18   2.0   1.1   0.3   0.5   51302.   2.8  399.
2008 334 19   2.0   1.1   0.4   0.1   48509.   2.8  396.
2008 334 20   2.1   1.0   0.0  -0.3   48325.   2.8  394.
2008 334 21   2.3   2.0  -0.5   0.1   47382.   3.1  393.
2008 334 22   2.7   2.4   0.5  -2.2   43323.   2.6  388.
2008 334 23   2.8   2.7   0.9  -2.2   44194.   2.8  386.
2008 335  0   2.7   2.4  -1.3  -0.4   39950.   3.5  394.
2008 335  1   2.6   1.8   0.1   1.1   31870.   3.7  384.
2008 335  2   3.1   3.0   1.2   1.8   21839.   2.4  376.
2008 335  3   3.4   3.2   1.3   1.5   25556.   2.8  368.
2008 335  4   3.6   3.5   2.4   1.0   20526.   2.6  354.
2008 335  5   3.5   3.4   2.5   0.8   22086.   2.5  350.
2008 335  6   2.8   1.9   1.5   1.0   40129.   3.0  366.
2008 335  7   3.0   2.9   2.5  -0.8   38423.   2.9  356.
2008 335  8   3.2   3.0   2.8  -0.2   36773.   2.7  360.
2008 335  9   2.9   2.3   2.0   1.0   34158.   2.7  366.
2008 335 10   3.2   3.0   2.6   1.1   30963.   2.4  351.
2008 335 11   3.1   3.0   2.8  -0.5   39034.   3.2  349.
2008 335 12   3.2   3.0   2.1  -1.1   37771.   3.3  347.
2008 335 13   3.1   3.1   2.5  -0.9   30707.   2.4  340.
2008 335 14   3.0   2.9   2.6   0.1   29885.   2.5  338.
2008 335 15   3.0   2.9   2.6  -1.1   34891.   2.9  340.
2008 335 16   2.9   2.8   2.6  -0.8   37974.   3.1  354.
2008 335 17   2.9   2.7   2.6   0.3   37700.   3.2  351.
2008 335 18   2.3   1.9   1.0   1.4   42269.   3.7  365.
2008 335 19   1.8   1.5  -0.8   1.3   46703.   4.2  373.
2008 335 20   1.9   1.3  -0.1   0.7   44812.   4.1  361.
2008 335 21   2.5   2.3  -1.8   1.5   37898.   4.1  368.
2008 335 22   2.5   2.3  -1.1   1.7   31286.   4.4  363.
2008 335 23   2.6   2.6  -1.1   1.3   25120.   4.1  360.
2008 336  0   2.3   2.2  -0.2   0.3   27003.   3.6  355.
2008 336  1   2.8   2.5  -1.1   0.8   25674.   3.4  355.
2008 336  2   2.9   2.8  -0.2   0.6   26225.   3.2  347.
2008 336  3   2.8   2.7   1.7   0.4   20435.   2.8  333.
2008 336  4   2.8   2.6   2.6   0.4   22067.   2.9  328.
2008 336  5   3.1   2.7   2.3   0.3   22266.   2.7  324.
2008 336  6   3.0   3.0   2.7   1.2   20363.   2.3  318.
2008 336  7   3.0   3.0   2.8   0.9   21848.   2.8  316.
2008 336  8   2.9   2.9   2.6   0.5   20731.   2.9  317.
2008 336  9   2.9   2.9   2.4   0.3   21181.   2.9  316.
2008 336 10   2.7   2.7   2.1  -0.2   20121.   2.7  314.
2008 336 11   2.7   2.7   2.0  -0.2   16718.   2.9  313.
2008 336 12   2.7   2.6   1.6  -0.1   17729.   2.9  313.
2008 336 13   2.6   2.6   1.9   0.2   15110.   2.9  312.
2008 336 14   2.8   2.8   1.9   0.0   14072.   3.0  310.
2008 336 15   2.7   2.7   1.8   0.1   14113.   2.9  311.
2008 336 16   2.5   2.5   1.4   0.7   15106.   2.9  313.
2008 336 17   2.4   2.3   1.0   1.0   16636.   3.0  312.
2008 336 18   2.3   2.2   0.5   0.9   21224.   3.8  310.
2008 336 19   2.7   2.6   0.4  -0.4   17908.   3.6  310.
2008 336 20   2.7   2.5  -0.1  -0.3   12508.   3.5  312.
2008 336 21   2.9   2.7  -0.2   0.8   13639.   3.8  311.
2008 336 22   3.0   2.8  -0.7   0.5   13386.   4.1  310.
2008 336 23   2.7   2.6  -0.4   1.2   13867.   4.5  308.
2008 337  0   2.5   2.2   0.8   1.0   15844.   3.9  303.
2008 337  1   2.6   2.5   1.6   1.6   17225.   3.6  295.
2008 337  2   2.4   2.1   1.6   0.6   16844.   3.4  294.
2008 337  3   2.2   1.8   1.5   1.1   18429.   3.4  294.
2008 337  4   2.5   2.4   2.2   0.5   16235.   2.7  285.
2008 337  5   2.5   2.3   1.8   1.3   17324.   3.7  287.
2008 337  6   2.4   2.3   1.8   1.3   18604.   3.8  285.
2008 337  7   2.1   1.6   0.8   0.6   21252.   4.8  289.
2008 337  8   2.0   1.7   1.2   0.7   20786.   4.6  286.
2008 337  9   2.3   1.8   1.1   0.6   21496.   5.1  287.
2008 337 10   2.3   2.2  -0.2   0.3   22871.   5.5  289.
2008 337 11   2.1   1.8   1.3   0.1   21580.   5.5  282.
2008 337 12   2.0   1.6   1.4   0.0   22107.   5.7  282.
2008 337 13   2.9   2.1  -0.7   0.9   16873.   5.4  293.
2008 337 14   2.8   2.6  -0.7   0.5   19370.   6.3  296.
2008 337 15   3.1   2.9   0.0   0.4   17905.   6.0  293.
2008 337 16   2.9   2.0   0.1   0.4   15509.   6.7  293.
2008 337 17   2.9   2.8  -0.1   1.5   15428.   7.0  296.
2008 337 18   2.8   2.2  -0.6   1.8   17283.   7.8  298.
2008 337 19   3.7   3.5  -2.1   2.7   15898.   7.6  302.
2008 337 20   3.9   3.8  -1.3   3.4   16238.   8.3  302.
2008 337 21   3.9   3.9  -1.2   2.6   17387.   9.7  301.
2008 337 22   4.3   3.9  -1.4   0.9   17026.  10.1  300.
2008 337 23   4.4   4.3  -1.1   1.3   16284.  10.9  300.
2008 338  0   4.9   4.7   1.5  -1.0   17236.  10.6  299.
2008 338  1   4.1   2.1   0.6   0.8   18481.  10.8  300.
2008 338  2   4.5   4.4  -1.4   4.2   13905.   9.9  301.
2008 338  3   1.8   1.2   1.0   0.6   13497.  15.9  302.
2008 338  4   4.0   2.6  -1.6   0.5   14444.  13.1  298.
2008 338  5   4.8   4.7  -2.7  -2.0   15600.  10.4  294.
2008 338  6   5.1   3.4  -2.0   2.8   17305.   9.9  305.
2008 338  7   5.4   5.2   0.5   3.1   17329.   9.3  317.
2008 338  8   4.9   4.1  -0.6   3.4   31176.   9.6  318.
2008 338  9   5.5   5.3  -2.5   4.6   37445.   9.6  320.
2008 338 10   7.4   7.1  -1.5   7.0   51134.  13.6  322.
2008 338 11   7.0   6.4   0.7   5.4   52575.  15.0  323.
2008 338 12   6.5   6.0   2.8  -3.0   33273.  21.6  328.
2008 338 13   6.2   6.0   0.3  -4.4   25036.  24.1  326.
2008 338 14   5.4   5.3  -0.2  -4.6   23060.  23.7  315.
2008 338 15   5.4   3.4   0.6  -3.0   26515.  18.9  316.
2008 338 16   6.3   4.2  -3.4   1.5   57708.   7.4  339.
2008 338 17   6.2   5.5  -5.4   0.0   72964.   6.1  377.
2008 338 18   5.8   5.5  -5.1  -0.4   76191.   5.7  377.
2008 338 19   6.3   0.9   0.4  -0.9  106259.   7.2  391.
2008 338 20   8.2   7.9  -7.1  -0.9   75366.   5.2  415.
2008 338 21   6.2   4.1  -0.7  -3.3  136351.   8.0  429.
2008 338 22   7.8   7.1  -5.6   0.1  128917.   7.0  449.
2008 338 23   7.5   7.1  -5.3   2.4  133607.   8.6  434.
2008 339  0   8.4   7.6  -6.5   0.4  122240.   6.2  447.
2008 339  1   9.4   9.3  -7.4  -2.7   77446.   4.0  442.
2008 339  2   8.9   8.8  -6.3  -4.0   78531.   3.7  437.
2008 339  3   8.2   8.1  -4.9  -4.4  107718.   4.1  458.
2008 339  4   6.2   5.1  -4.4  -0.4  175012.   6.5  496.
2008 339  5   5.2   4.9  -4.6   1.3  153405.   6.5  504.
2008 339  6   5.3   5.0  -4.7   1.5  144849.   6.7  501.
2008 339  7   5.1   5.0  -4.8  -0.1  125884.   6.3  491.
2008 339  8   4.6   4.4  -3.7  -1.9  119037.   5.9  492.
2008 339  9   4.8   4.5  -2.7  -0.1  130427.   4.8  476.
2008 339 10   6.3   5.5  -1.3  -4.3  119208.   5.2  457.
2008 339 11   5.9   3.3   0.4  -3.1  122908.   6.3  466.
2008 339 12   4.1   2.4  -1.5  -1.5  141172.   7.5  453.
2008 339 13   5.0   5.0  -4.7   0.1  136575.   6.5  436.
2008 339 14   7.1   7.1  -5.7   0.0   73398.   4.3  429.
2008 339 15   7.0   6.9  -5.8   0.2   75141.   4.3  424.
2008 339 16   6.9   6.8  -5.8   0.3   73662.   3.8  423.
2008 339 17   6.1   6.1  -5.5   0.3   93428.   3.7  435.
2008 339 18   6.7   6.7  -5.7  -1.4   50298.   3.2  419.
2008 339 19   7.2   7.2  -6.2  -1.5   34089.   3.2  407.
2008 339 20   7.3   7.3  -5.8  -1.3   26326.   3.4  393.
2008 339 21   7.2   7.1  -4.6  -0.7   21973.   4.3  384.
2008 339 22   7.0   7.0  -3.6  -1.4   20182.   5.0  383.
2008 339 23   7.1   7.1  -4.0  -1.4   19516.   3.5  384.
2008 340  0   7.5   7.5  -4.2  -1.9   41525.   2.9  393.
2008 340  1   7.3   7.3  -4.7  -1.7   24650.   3.4  389.
2008 340  2   7.2   7.2  -5.0  -1.3   18920.   4.0  387.
2008 340  3   7.0   6.9  -3.8  -2.3   21347.   3.8  378.
2008 340  4   6.9   6.9  -3.5  -2.6   19427.   3.4  375.
2008 340  5   7.0   6.7  -2.5  -2.9   23862.   3.5  381.
2008 340  6   6.5   6.5  -1.9  -3.4   25998.   4.1  363.
2008 340  7   6.6   6.4  -0.5  -3.7   25972.   4.6  374.
2008 340  8   6.7   6.6   1.3  -4.0   30433.   3.8  390.
2008 340  9   7.4   7.3   0.6  -4.2   35697.   4.4  392.
2008 340 10   7.7   7.2   0.9  -4.3   43796.   5.2  402.
2008 340 11   6.5   5.4  -4.6   2.5   81044.   4.1  407.
2008 340 12   4.6   3.3  -2.2   0.0  162384.   5.2  433.
2008 340 13   5.9   4.6  -1.0  -1.1  170063.   5.6  440.
2008 340 14   5.8   5.1   1.2  -1.3  160621.   6.6  431.
2008 340 15   7.3   7.2  -2.9  -1.6   95374.   5.9  417.
2008 340 16   7.5   7.3  -2.6  -2.5   85385.   6.1  412.
2008 340 17   7.2   6.7  -5.0   1.0   83868.   3.8  399.
2008 340 18   7.7   7.3  -3.6   6.3  114845.   7.0  426.
2008 340 19   9.1   8.9  -6.2   4.2   79602.   5.4  408.
2008 340 20  10.2  10.0  -6.5   4.2  103273.   5.5  418.
2008 340 21  11.1  10.7  -6.9  -2.9  101422.   5.9  422.
2008 340 22   8.8   6.0  -2.9  -2.5  161220.   7.0  448.
2008 340 23   8.7   7.5  -2.9  -0.8  203505.   7.5  465.
2008 341  0   9.2   7.4  -2.9  -3.6  203784.   7.6  465.
2008 341  1   8.3   6.1   1.1   4.0  315336.   8.0  501.
2008 341  2   9.0   8.1  -0.1  -4.4  283575.   7.4  483.
2008 341  3   8.3   8.0  -4.5  -4.7  203416.   7.1  464.
2008 341  4   7.5   5.9  -3.3  -2.9  160811.   6.6  471.
2008 341  5   7.2   6.8  -3.5  -1.3  175793.   5.1  459.
2008 341  6   6.9   5.6  -2.7  -2.0  204135.   5.3  480.
2008 341  7   6.0   4.6  -1.9   0.2  181216.   4.6  477.
2008 341  8   5.7   3.5  -0.1   1.3  164282.   4.6  515.
2008 341  9   4.7   4.0  -2.8  -2.2  163777.   3.9  517.
2008 341 10   4.4   3.5  -1.4  -3.2  222092.   4.6  528.
2008 341 11   4.7   3.6  -1.3  -3.1  201947.   4.5  528.
2008 341 12   4.5   3.4  -2.4  -1.3  199559.   4.5  521.
2008 341 13   4.2   3.5  -3.2  -1.3  179773.   3.6  512.
2008 341 14   4.8   4.4  -4.3   0.3  122033.   2.4  493.
2008 341 15   4.5   4.1  -4.0  -0.2  129043.   2.5  489.
2008 341 16   4.9   4.1  -2.0  -3.1  155975.   3.4  518.
2008 341 17   5.0   4.5  -1.8  -3.9  129441.   3.2  523.
2008 341 18   5.2   4.8  -3.4  -2.8  108864.   2.3  517.
2008 341 19   4.3   2.3  -2.0  -0.9  145560.   2.6  536.
2008 341 20   3.9   3.2  -3.1  -0.1  161370.   2.3  529.
2008 341 21   4.5   4.0  -4.0   0.3  109469.   2.1  517.
2008 341 22   4.2   3.5  -2.4  -0.1  135518.   2.6  543.
2008 341 23   3.9   2.6  -1.0   1.9  165706.   3.3  553.
2008 342  0   3.5   2.6   0.2   1.7  160806.   3.7  568.
2008 342  1   2.9   2.2  -0.3   0.0  162083.   4.0  559.
2008 342  2   3.8   2.6  -2.2  -1.2  123053.   3.1  550.
2008 342  3   4.0   3.1  -1.8  -0.4  108358.   3.5  554.
2008 342  4   4.2   3.9  -2.6  -2.9  125013.   3.6  561.
2008 342  5   3.9   2.3  -1.7  -1.2  154099.   3.6  566.
2008 342  6   3.4   2.7  -1.2  -2.3  178681.   3.4  570.
2008 342  7   3.3   2.2  -2.2  -0.1  162010.   3.2  561.
2008 342  8   3.5   1.7  -1.2   0.2  136951.   3.0  566.
2008 342  9   3.5   1.6  -0.6   1.3  139846.   3.0  571.
2008 342 10   3.6   2.9  -1.9  -2.1  139782.   2.9  561.
2008 342 11   3.5   3.2  -0.8  -1.6  127853.   2.8  562.
2008 342 12   3.5   2.9  -1.3  -0.6  114082.   2.7  553.
2008 342 13   3.4   3.1  -2.2  -0.1  101986.   2.5  545.
2008 342 14   3.3   3.0  -2.4  -0.2   91616.   2.3  540.
2008 342 15   3.2   2.6  -1.9  -1.1   90167.   2.4  546.
2008 342 16   3.0   2.3  -1.1  -0.2   88615.   2.1  550.
2008 342 17   2.8   2.2  -2.2   0.2   73968.   2.1  539.
2008 342 18   3.0   2.9  -2.4  -0.3   71073.   2.2  533.
2008 342 19   3.2   3.0  -2.6  -0.4   71530.   2.3  527.
2008 342 20   3.6   3.5  -3.3   0.2   65043.   1.8  516.
2008 342 21   3.7   3.6  -3.2   0.9   54439.   1.4  517.
2008 342 22   3.4   3.4  -3.1   0.7   66540.   1.4  513.
2008 342 23   3.2   3.2  -3.0   0.1   70469.   1.7  513.
2008 343  0   3.3   3.1  -3.0   0.2   78055.   1.8  507.
2008 343  1   3.4   3.4  -2.7   0.5   74061.   2.0  505.
2008 343  2   3.1   2.2  -2.0   0.1   81001.   1.9  504.
2008 343  3   2.8   2.0  -1.2  -0.9   99129.   1.8  495.
2008 343  4   2.9   2.6  -2.2   0.4   87535.   1.7  481.
2008 343  5   3.0   2.8  -2.6  -0.1   65403.   1.3  465.
2008 343  6   3.3   3.2  -2.6   1.0   61595.   1.3  471.
2008 343  7   3.5   3.2  -1.7   0.9   70942.   1.6  478.
2008 343  8   3.4   3.2  -1.6   1.7   68219.   1.8  478.
2008 343  9   3.2   3.1  -2.4   0.8   48685.   1.5  460.
2008 343 10   3.4   3.3  -2.7   0.1   42410.   1.4  452.
2008 343 11   3.3   3.1  -2.4  -0.8   48242.   1.3  453.
2008 343 12   3.2   3.1  -2.3   0.6   74389.   1.3  457.
2008 343 13   3.0   2.8  -1.9   0.2   46743.   1.4  446.
2008 343 14   3.1   2.8  -1.7  -0.1   80440.   1.6  449.
2008 343 15   2.7   2.4  -1.8   0.0   36920.   1.7  435.
2008 343 16   2.7   2.3  -0.2  -1.0   41614.   2.5  445.
2008 343 17   2.1   1.6   0.0  -0.1   47788.   2.7  445.
2008 343 18   2.3   2.0   0.0  -0.6   51880.   2.8  440.
2008 343 19   2.6   2.1   0.9  -0.6   45595.   3.0  441.
2008 343 20   2.4   2.3   1.4  -0.9   49463.   3.1  438.
2008 343 21   2.3   2.1   1.0   0.4   50366.   3.1  435.
2008 343 22   2.6   2.1  -0.9   1.7   50396.   3.1  423.
2008 343 23   2.7   2.1  -0.2   0.6   50557.   3.3  421.
2008 344  0   2.1   1.5  -0.6   0.9   54277.   3.3  415.
2008 344  1   2.5   1.9  -1.3   0.5   47496.   3.3  412.
2008 344  2   2.5   2.3  -1.7   0.0   46682.   3.4  408.
2008 344  3   2.6   2.1  -1.7   0.4   44922.   3.4  404.
2008 344  4   2.7   2.6  -2.4   0.5   40911.   3.0  395.
2008 344  5   2.8   2.6  -2.4   1.0   38622.   3.0  390.
2008 344  6   3.0   2.9  -2.1   2.0   37667.   2.8  388.
2008 344  7   3.1   3.0  -2.7   1.1   30482.   2.4  377.
2008 344  8   3.1   3.1  -2.9   0.6   30331.   2.4  373.
2008 344  9   3.2   3.1  -3.1   0.1   34384.   2.6  370.
2008 344 10   3.2   3.2  -3.2  -0.1   37365.   2.8  369.
2008 344 11   3.2   3.2  -3.1  -0.2   29312.   2.7  369.
2008 344 12   3.2   3.1  -2.9  -0.4   29513.   2.7  370.
2008 344 13   3.0   2.9  -2.9  -0.6   33607.   3.2  373.
2008 344 14   3.2   3.1  -3.0  -0.8   32591.   3.1  364.
2008 344 15   3.4   3.3  -3.2  -0.7   24062.   3.2  349.
2008 344 16   3.3   3.3  -3.3   0.1   29389.   3.5  346.
2008 344 17   3.2   3.2  -3.2   0.3   25844.   3.4  345.
2008 344 18   3.3   3.3  -3.2  -0.1   20925.   3.5  349.
2008 344 19   3.2   3.2  -3.2  -0.3   19868.   3.8  347.
2008 344 20   2.8   2.8  -2.8  -0.2   19075.   3.2  345.
2008 344 21   2.7   2.7  -2.7   0.2   18436.   3.4  344.
2008 344 22   2.9   2.8  -2.8   0.0   16575.   3.8  342.
2008 344 23   3.0   2.9  -2.9   0.1   17632.   3.8  340.
2008 345  0   2.9   2.9  -2.8   0.7   18527.   4.0  334.
2008 345  1   3.1   3.1  -3.0   0.6   19993.   3.6  330.
2008 345  2   3.0   2.9  -2.5   1.2   16735.   3.9  331.
2008 345  3   3.2   2.9  -1.6   2.4   17402.   5.2  339.
2008 345  4   3.6   3.3  -2.2   2.2   17823.   5.4  338.
2008 345  5   3.6   3.5  -2.4   0.9   18113.   5.7  336.
2008 345  6   3.7   3.6  -2.1   0.9   18464.   6.5  336.
2008 345  7   3.2   2.9  -1.3  -0.4   23295.   7.9  338.
2008 345  8   1.9   1.8  -0.3  -0.5   20271.  10.4  343.
2008 345  9   2.2   2.0  -0.9  -1.0   18764.  10.7  339.
2008 345 10   2.5   2.4  -1.1  -0.2   18086.  10.3  334.
2008 345 11   2.7   2.5  -1.5   0.3   20116.  10.6  332.
2008 345 12   2.2   1.7   0.0   0.4   31523.   9.1  338.
2008 345 13   4.0   2.4   0.5   0.3   24951.   7.0  347.
2008 345 14   4.6   4.5   0.5   0.1   20223.   7.1  346.
2008 345 15   4.9   4.9  -0.3  -1.0   22415.   6.6  342.
2008 345 16   5.6   5.5  -1.2  -0.3   19080.   5.0  342.
2008 345 17   5.7   5.7   1.0  -2.0   17331.   6.0  345.
2008 345 18   5.6   5.5  -1.2  -2.1   22217.   7.3  339.
2008 345 19   6.1   6.1  -2.3  -1.9   20984.   7.2  334.
2008 345 20   4.1   3.9  -1.2  -1.6   24133.  11.9  332.
2008 345 21   3.3   2.9  -0.5  -1.7   33637.  12.6  337.
2008 345 22   5.9   5.7  -3.9  -0.9   26634.   6.3  344.
2008 345 23   6.8   6.8  -4.9  -1.4   23035.   8.7  353.
2008 346  0   3.6   2.4   2.2  -0.9   47667.  16.2  367.
2008 346  1   3.2   2.5   2.5  -0.4   53416.  16.0  373.
2008 346  2   3.3   3.1   2.8  -1.2   49151.  16.4  368.
2008 346  3   5.8   5.8   5.5  -0.7   55977.  11.7  357.
2008 346  4   5.6   5.5   4.8  -1.5   57221.  12.3  359.
2008 346  5   6.7   6.6   5.1  -1.4   44625.   7.2  346.
2008 346  6   6.4   6.1   4.4  -0.7   31502.   4.8  339.
2008 346  7   6.4   5.8   4.3  -0.4   66402.   5.9  350.
2008 346  8   6.8   6.4   5.6  -1.7   60399.   4.4  355.
2008 346  9   7.1   6.8   5.7  -1.8   25871.   2.6  347.
2008 346 10   6.3   5.8   3.9   0.4   26456.   3.0  350.
2008 346 11   5.5   3.3   2.5  -1.7   45259.   3.5  359.
2008 346 12   6.2   5.8   0.7   3.3  102206.   4.1  377.
2008 346 13   6.0   5.4   3.1   1.7   86151.   3.4  368.
2008 346 14   6.8   6.6   5.3  -3.6   52075.   2.2  391.
2008 346 15   6.8   6.5   5.3  -0.9   54355.   2.1  413.
2008 346 16   6.9   6.4   4.9  -0.1   83172.   2.7  414.
2008 346 17   6.7   6.6   5.5   0.7   93497.   3.0  411.
2008 346 18   6.6   6.5   5.6  -1.4   77896.   2.9  388.
2008 346 19   6.1   5.3   4.0   1.9   69407.   2.4  390.
2008 346 20   4.9   4.6   3.0   2.6  158641.   3.9  404.
2008 346 21   5.4   5.0   5.0   0.1  127319.   3.5  384.
2008 346 22   4.9   4.5   4.0   0.1  115896.   3.5  385.
2008 346 23   3.9   3.5   3.2  -1.1  101911.   3.3  401.
2008 347  0   2.5   1.7  -0.2   0.6  146505.   4.6  422.
2008 347  1   3.4   3.0   1.5  -0.6  123219.   4.0  404.
2008 347  2   4.2   3.8   0.4  -0.8   88200.   3.7  404.
2008 347  3   4.1   3.8  -0.1  -0.7   82259.   3.5  402.
2008 347  4   4.4   4.3   3.1   0.0   59231.   3.3  368.
2008 347  5   4.0   2.2   1.1   0.8   68122.   3.8  383.
2008 347  6   4.4   4.2   2.6   0.5   66401.   3.7  372.
2008 347  7   4.8   4.5   3.5   0.2   58302.   3.3  367.
2008 347  8   5.3   5.2   4.2   0.8   66568.   3.5  363.
2008 347  9   6.1   5.3   4.6  -0.7   69026.   3.6  366.
2008 347 10   6.7   6.4   4.9  -2.9   71111.   3.4  369.
2008 347 11   6.9   6.8   5.8  -2.7   41989.   2.9  364.
2008 347 12   6.5   5.4   4.5  -2.9   43554.   2.4  407.
2008 347 13   6.3   5.9   2.0   0.7   54047.   3.4  413.
2008 347 14   6.3   6.2   4.5  -1.2   33541.   2.4  385.
2008 347 15   5.3   5.1   1.8   1.3   61614.   5.5  401.
2008 347 16   5.2   5.0   0.9   1.6   66072.   6.6  417.
2008 347 17   4.6   4.4   1.7  -0.2   64533.   6.8  420.
2008 347 18   3.9   3.0   0.8   0.3   72745.   7.2  421.
2008 347 19   3.8   3.6   2.2  -0.9   70080.   7.0  419.
2008 347 20   3.2   2.9   2.5  -0.3   74702.   6.6  416.
2008 347 21   3.8   3.7   2.8   0.9   62090.   5.6  407.
2008 347 22   4.2   4.1   2.9   1.2   56003.   4.4  403.
2008 347 23   5.8   5.1   4.7   0.0   57812.   3.3  401.
2008 348  0   5.5   5.1   4.5  -2.4   59698.   2.7  402.
2008 348  1   5.2   5.2   4.8  -2.0   75618.   2.0  421.
2008 348  2   4.9   4.8   4.5  -1.0   83359.   1.8  422.
2008 348  3   4.1   3.0   3.0  -0.1   76763.   1.7  436.
2008 348  4   4.8   4.6  -0.3   2.6  112403.   2.1  462.
2008 348  5   5.3   5.1   1.4   2.5   88457.   2.1  435.
2008 348  6   5.0   4.5  -2.1   2.6   57557.   2.7  461.
2008 348  7   4.7   3.6   0.3   2.3   50195.   2.9  429.
2008 348  8   4.1   3.4   1.9   1.1   80800.   3.4  405.
2008 348  9   4.4   4.0   3.3  -0.5   68044.   2.2  389.
2008 348 10   3.7   2.4   1.4   0.0  114563.   2.8  412.
2008 348 11   4.2   4.1   2.9  -1.4   72802.   1.9  390.
2008 348 12   4.6   4.4   3.3  -1.1   56006.   2.0  380.
2008 348 13   4.5   4.3   3.6  -0.2   49110.   2.1  373.
2008 348 14   4.5   4.4   4.4  -0.4   53935.   2.3  366.
2008 348 15   4.0   4.0   4.0   0.3   83518.   1.7  366.
2008 348 16   4.3   4.2   3.9   1.6   41561.   1.7  364.
2008 348 17   4.4   4.1   3.9   0.9   42488.   1.7  356.
2008 348 18   4.3   4.0   3.2  -0.3   49843.   1.8  371.
2008 348 19   3.4   2.6   1.2   1.4   73228.   2.3  401.
2008 348 20   2.2   1.9   0.4   1.6   92673.   3.7  399.
2008 348 21   2.4   1.4   0.7  -0.9   84287.   3.9  395.
2008 348 22   3.1   2.8   2.7  -0.3   67569.   3.4  384.
2008 348 23   3.4   3.2   2.9  -1.2   54466.   3.0  378.
2008 349  0   3.2   2.9   1.9  -1.5   66171.   3.6  382.
2008 349  1   3.4   3.1  -2.0   1.0   61111.   2.8  413.
2008 349  2   3.5   3.2  -2.7   0.3   60685.   2.8  419.
2008 349  3   3.7   3.1  -2.1   0.6   60057.   2.6  413.
2008 349  4   3.8   3.7   2.7  -0.5   37225.   1.7  376.
2008 349  5   3.7   3.5   2.5   0.2   43506.   1.9  368.
2008 349  6   3.3   2.7  -0.1  -0.2   47590.   2.5  386.
2008 349  7   3.0   2.7   1.7   0.0   39573.   2.4  363.
2008 349  8   3.0   2.2   0.6   0.0   44293.   2.6  367.
2008 349  9   2.9   2.7   1.5   1.3   29899.   2.7  359.
2008 349 10   2.5   2.5   2.2   1.0   24563.   2.6  350.
2008 349 11   2.6   2.6   2.5   0.5   24654.   3.0  349.
2008 349 12   2.6   2.5   2.5   0.2   28247.   3.0  346.
2008 349 13   2.5   2.4   2.1  -0.1   25993.   3.3  347.
2008 349 14   2.6   2.5   2.0  -1.4   26367.   3.3  347.
2008 349 15   3.1   2.9  -0.6   0.0   25924.   3.1  356.
2008 349 16   3.4   2.9  -0.6  -0.1   26054.   2.5  354.
2008 349 17   3.4   3.3   1.2   0.7   21926.   1.9  338.
2008 349 18   3.2   3.2   0.9   0.6   22775.   2.2  332.
2008 349 19   3.1   3.0   0.5   0.4   20514.   2.9  333.
2008 349 20   2.9   2.8  -0.7  -0.5   22910.   3.5  344.
2008 349 21   2.6   2.5  -1.0  -0.4   22221.   3.9  343.
2008 349 22   2.5   2.5   2.2   0.8   18702.   3.9  334.
2008 349 23   2.3   2.3   2.0   0.5   19864.   4.5  332.
2008 350  0   2.3   2.2   0.1   0.0   23098.   6.0  337.
2008 350  1   3.6   3.1   1.2  -0.9   24802.   6.8  340.
2008 350  2   3.3   3.1   2.2  -1.9   25560.   7.9  341.
2008 350  3   3.3   2.6   1.6   0.5   29192.   8.2  340.
2008 350  4   3.8   3.5   1.7  -0.9   31324.   8.9  338.
2008 350  5   3.0   2.5   1.4  -0.7   29996.   9.5  337.
2008 350  6   2.8   1.3   0.4  -0.5   24526.   9.8  339.
2008 350  7   3.8   2.4   1.2  -1.6   28729.   7.7  335.
2008 350  8   4.1   4.0   2.5  -2.2   25984.   6.4  325.
2008 350  9   3.5   3.2   2.3  -0.9   34090.   7.3  325.
2008 350 10   3.5   3.3  -0.8  -0.3   24909.   7.2  337.
2008 350 11   2.3   2.2  -1.9   0.7   26956.   8.7  337.
2008 350 12   2.5   1.6  -0.5   0.2   24830.   7.8  331.
2008 350 13   2.1   0.6  -0.1   0.2   27378.   7.5  334.
2008 350 14   3.5   3.4  -0.7   0.4   26511.   6.9  334.
2008 350 15   3.3   3.1  -0.1   0.0   28015.   6.9  328.
2008 350 16   2.0   2.0  -0.1  -0.9   25776.   8.3  327.
2008 350 17   2.4   2.0   0.6  -1.3   26795.   7.3  326.
2008 350 18   2.8   2.5   0.3  -0.2   30970.   5.8  329.
2008 350 19   3.0   2.9   1.0   0.4   28406.   5.9  325.
2008 350 20   2.1   2.0   1.0  -0.4   27802.   7.4  327.
2008 350 21   3.1   2.9   0.2  -0.5   28688.   5.9  331.
2008 350 22   3.6   3.2   0.1   0.5   33512.   6.5  337.
2008 350 23   3.8   3.4   1.5   1.9   32101.   7.0  333.
2008 351  0   4.0   3.4   0.6   0.4   30012.   5.4  335.
2008 351  1   3.3   2.9  -0.9   0.3   31980.   6.7  342.
2008 351  2   3.6   3.5  -1.3  -0.2   21611.   6.1  342.
2008 351  3   3.1   2.2  -0.5  -2.1   28481.   7.3  337.
2008 351  4   2.3   2.2   0.3  -2.2   31728.   7.8  335.
2008 351  5   1.3   0.7  -0.1  -0.5   29031.   8.0  332.
2008 351  6   1.2   0.9  -0.6  -0.6   27922.   7.5  329.
2008 351  7   1.6   1.4   0.2  -1.4   28023.   7.2  331.
2008 351  8   1.7   0.8   0.4  -0.7   31572.  12.9  339.
2008 351  9   1.3   1.1  -0.7  -0.7   24858.  14.1  337.
2008 351 10   1.7   1.6  -0.2  -1.4   26763.  14.7  341.
2008 351 11   4.5   3.5  -2.3  -0.6   35189.  12.9  354.
2008 351 12   8.0   7.5  -4.5   1.8   27317.   7.2  366.
2008 351 13   6.7   6.6  -4.5  -2.1   37261.  11.2  368.
2008 351 14   4.8   4.5  -3.1  -2.6   47219.  15.4  358.
2008 351 15   5.0   4.7  -2.3  -2.6   42633.  12.4  357.
2008 351 16   3.9   3.5  -2.0  -2.4   47405.  12.5  352.
2008 351 17   3.0   2.3  -1.2  -1.4   45608.  13.5  350.
2008 351 18   3.4   3.2  -2.1  -1.5   35892.  15.3  351.
2008 351 19   3.7   3.5  -1.8  -2.4   33844.  17.3  348.
2008 351 20   5.1   3.9  -2.2   1.5   35389.  16.8  355.
2008 351 21   6.6   6.5  -3.2  -0.1   31040.  16.0  356.
2008 351 22   4.8   4.3  -1.8  -3.0   38577.  20.4  358.
2008 351 23   4.7   3.9  -1.7  -0.6   38077.  19.1  358.
2008 352  0   4.9   3.0  -1.6   0.8   41157.  17.8  362.
2008 352  1   5.8   5.5  -1.7  -4.3   38040.  19.8  363.
2008 352  2   6.3   5.9  -0.4  -5.3   36517.  21.2  363.
2008 352  3   7.3   5.3  -0.9   0.8   38315.  15.6  366.
2008 352  4   8.5   8.3  -0.6   5.5   22600.  10.1  363.
2008 352  5   9.6   9.5  -2.8   3.4   13788.   1.2  343.
2008 352  6   9.3   9.3  -2.9   1.5   16338.   1.2  342.
2008 352  7   9.0   9.0  -2.5   0.3   12948.   1.4  345.
2008 352  8   8.6   8.6  -1.8  -0.6   13598.   2.6  346.
2008 352  9   8.5   8.5  -1.3  -1.0   20197.   1.4  342.
2008 352 10   8.3   8.3  -1.0  -1.2   27815.   1.5  337.
2008 352 11   8.2   8.2  -0.6  -3.0   30236.   1.6  337.
2008 352 12   8.0   8.0  -0.3  -3.5   21470.   2.2  334.
2008 352 13   7.8   7.7   0.2  -4.7   21265.   2.4  337.
