2010 330 17   3.6   3.6   3.0  -0.9   14684.   2.1  358.
2010 330 18   3.3   3.3   2.9  -0.4   18130.   3.3  358.
2010 330 19   3.1   3.1   2.8  -0.3   17096.   4.3  358.
2010 330 20   3.2   3.2   2.9   0.0   16796.   4.2  354.
2010 330 21   3.4   3.4   3.4  -0.2   17494.   4.3  348.
2010 330 22   3.8   3.8   3.7   0.2   15926.   4.0  340.
2010 330 23   3.6   3.3   2.8   0.7   13841.   5.3  343.
2010 331  0   3.8   3.7   1.1   0.8   14112.   5.7  342.
2010 331  1   3.9   3.8   1.6   0.7   13921.   5.7  337.
2010 331  2   4.9   4.1  -1.9   0.4   16320.   4.4  331.
2010 331  3   5.0   4.5  -2.7   0.6   15874.   4.3  334.
2010 331  4   4.6   4.5   1.5   0.1   18459.   6.0  321.
2010 331  5   4.1   4.0  -0.7   0.9   14386.   7.2  328.
2010 331  6   3.9   3.0   1.3   0.4   13766.   6.8  333.
2010 331  7   4.6   4.5   4.4  -0.8   16246.   4.3  330.
2010 331  8   4.9   4.9   4.7  -0.9   19275.   4.3  328.
2010 331  9   5.0   5.0   4.8  -1.3   18978.   4.5  331.
2010 331 10   4.0   4.0   3.6  -1.5   21498.   6.2  341.
2010 331 11   4.0   4.0   3.7  -0.6   18968.   6.5  339.
2010 331 12   4.1   4.1   3.7  -1.2   17847.   6.7  338.
2010 331 13   3.6   3.6   3.3  -0.4   19489.   7.2  339.
2010 331 14   5.6   5.6   5.1  -0.8   22113.  10.7  345.
2010 331 15   6.9   6.8   5.1  -0.5   30217.  15.4  360.
2010 331 16   2.1   0.7  -0.6   0.5   30721.  26.7  347.
2010 331 17   2.9   1.8   1.2   0.2   40575.  31.5  353.
2010 331 18   8.3   5.7  -2.6  -1.1   62408.  29.1  367.
2010 331 19  13.9  10.3  -6.1  -4.0  150864.   5.6  390.
2010 331 20  12.4   5.3  -2.0  -4.9  162799.  14.5  416.
2010 331 21  10.9   9.6  -2.7   7.0  102237.  12.7  457.
2010 331 22  12.8  12.7  -3.6   9.1  106597.   4.7  472.
2010 331 23  13.5  13.2  -4.9   5.6   89838.   4.4  474.
2010 332  0  11.5   9.0  -1.3   4.5   77306.  19.3  438.
2010 332  1  10.8   6.3   4.0   0.7  109425.  19.9  432.
2010 332  2  14.5  14.1   4.3   0.7   62050.   9.0  425.
2010 332  3  14.1  12.6   2.6   2.8   69255.   9.8  434.
2010 332  4  12.1   9.2   4.1   6.2   81635.  16.9  440.
2010 332  5  10.1   9.7   5.6   7.1   88018.  15.2  444.
2010 332  6   9.0   9.0   5.6   6.2   59163.  20.6  452.
2010 332  7   9.2   8.9   1.6   8.6   78697.  14.0  428.
2010 332  8   8.4   7.0   2.3   6.4   92156.   9.6  417.
2010 332  9   8.6   8.3   3.9   7.2   86898.   7.0  413.
2010 332 10   6.2   4.4   0.8   4.3  102282.   7.4  441.
2010 332 11   3.5   3.2   2.7   0.2   57795.   7.3  473.
2010 332 12   3.0   2.9   2.5  -1.1   47206.   7.6  479.
2010 332 13   2.4   2.2   2.0  -0.9   51928.   7.8  474.
2010 332 14   3.4   3.4   2.9  -1.6   45058.   7.6  470.
2010 332 15   4.3   4.2   4.1  -0.7   52915.   7.0  472.
2010 332 16   4.2   4.1   4.0   0.7   51841.   7.7  469.
2010 332 17   4.4   4.2   4.1   0.7   57241.   7.9  464.
2010 332 18   4.3   1.5   1.2  -0.2   58518.   6.5  445.
2010 332 19   4.9   4.4  -3.6  -1.5   37044.   3.5  411.
2010 332 20   4.8   4.7  -3.3  -3.2   54756.   3.4  417.
2010 332 21   4.8   4.6  -3.1  -2.1   46802.   3.5  414.
2010 332 22   5.5   5.3  -2.9  -0.8   55329.   3.9  416.
2010 332 23   5.5   5.4  -2.2  -0.4   39607.   3.8  416.
2010 333  0   5.0   5.0  -2.2  -0.2   41079.   3.7  418.
2010 333  1   5.0   4.8  -0.5  -0.3   41641.   3.6  429.
2010 333  2   4.6   3.9  -2.3  -1.2   44966.   3.3  412.
2010 333  3   4.9   4.5  -1.8   0.4   45966.   3.6  413.
2010 333  4   5.0   4.9  -0.9   0.9   47412.   3.7  417.
2010 333  5   4.7   4.3  -3.1   1.8   49952.   3.6  400.
2010 333  6   4.6   4.2  -1.9   0.5   57264.   3.8  402.
2010 333  7   4.7   4.5  -2.9   0.8   40927.   3.5  392.
2010 333  8   4.8   4.7  -3.1   1.0   43175.   3.6  390.
2010 333  9   4.8   4.4  -0.8   0.0   58376.   3.6  407.
2010 333 10   4.5   3.9  -1.6   1.0   58356.   3.8  403.
2010 333 11   4.7   4.5  -0.8  -0.4   47595.   3.6  406.
2010 333 12   4.6   4.4  -0.6  -0.3   43385.   3.9  405.
2010 333 13   4.5   4.4  -1.6  -0.4   44113.   3.8  396.
2010 333 14   4.5   4.3  -0.5  -0.4   45223.   4.3  399.
2010 333 15   4.5   4.4   0.7  -0.1   43863.   4.4  402.
2010 333 16   4.2   3.6  -0.5  -0.7   49838.   4.3  401.
2010 333 17   3.7   3.4  -2.8  -1.8   52640.   4.7  393.
2010 333 18   3.9   3.1  -2.7  -1.5   49524.   4.9  395.
2010 333 19   4.0   3.6  -2.6   0.9   48158.   5.0  393.
2010 333 20   3.9   3.5  -2.8   1.4   48637.   5.1  389.
2010 333 21   3.7   3.3  -1.9   0.0   51410.   5.3  390.
2010 333 22   4.6   4.3  -0.2   1.1   34288.   4.8  393.
2010 333 23   4.7   4.6   1.5  -0.2   31473.   4.9  397.
2010 334  0   4.7   4.2  -3.6  -1.9   38130.   4.3  377.
2010 334  1   4.4   4.4  -3.7  -1.5   40135.   4.4  373.
2010 334  2   4.1   3.9  -3.3   0.0   45478.   4.2  370.
2010 334  3   3.7   3.6  -3.4   0.0   49497.   4.0  368.
2010 334  4   3.8   3.6  -3.4   0.3   31146.   3.1  360.
2010 334  5   3.7   3.7  -3.6   0.4   19059.   2.6  352.
2010 334  6   3.8   3.7  -3.6   0.2   21247.   2.7  349.
2010 334  7   3.7   3.6  -3.3   0.6   34847.   3.4  354.
2010 334  8   4.4   4.3  -4.0  -0.3   36717.   4.3  357.
2010 334  9   4.8   4.3  -2.0  -1.1   43587.   5.7  379.
2010 334 10   4.7   4.4  -3.9  -0.8   44407.   5.2  380.
2010 334 11   4.5   4.5  -4.4   0.3   47048.   5.2  378.
2010 334 12   4.2   4.0  -3.4   0.7   47040.   6.0  383.
2010 334 13   4.4   4.1  -2.7   1.0   44718.   5.5  367.
2010 334 14   4.2   3.7  -1.4  -0.9   37375.   5.8  373.
2010 334 15   4.2   3.9  -0.6  -1.2   28967.   6.0  371.
2010 334 16   3.5   1.1  -0.6   0.9   37658.   6.1  368.
2010 334 17   3.6   2.9  -2.8  -0.1   36531.   6.6  358.
2010 334 18   3.2   2.8  -1.9  -0.6   34882.   6.3  358.
2010 334 19   3.1   3.0  -1.2  -0.4   33875.   6.0  357.
2010 334 20   2.4   1.9  -1.6   0.2   36443.   6.1  356.
2010 334 21   2.6   0.9   0.7  -0.1   36462.   5.8  358.
2010 334 22   2.0   1.3   0.0  -0.8   37292.   5.9  351.
2010 334 23   2.7   2.5   0.1  -2.1   32575.   5.6  349.
2010 335  0   2.9   2.2   0.5   0.7   33884.   5.6  345.
2010 335  1   2.4   2.0  -0.7   1.3   35419.   5.3  342.
2010 335  2   1.8   1.5  -1.5   0.2   36116.   5.3  339.
2010 335  3   1.8   1.5   0.0   0.7   33957.   5.0  339.
2010 335  4   2.1   2.0   0.7  -0.1   30298.   4.9  338.
2010 335  5   2.2   2.0   0.7   0.6   30325.   4.9  337.
2010 335  6   2.3   2.0   0.5   0.3   30419.   4.9  336.
2010 335  7   2.7   2.5   0.7   0.7   26395.   4.8  334.
2010 335  8   2.8   2.7  -0.1   1.4   26305.   5.0  327.
2010 335  9   3.1   3.0   1.0   1.3   23277.   5.0  334.
2010 335 10   3.3   3.1   0.5   2.4   25521.   5.2  334.
2010 335 11   3.1   2.9   0.6   2.0   31517.   6.1  341.
2010 335 12   3.9   3.4  -0.5   2.9   35678.   7.4  347.
2010 335 13   4.2   4.1   0.5   2.7   33648.   7.1  345.
2010 335 14   3.6   3.3  -0.6   2.2   39640.   8.0  338.
2010 335 15   3.5   2.4  -1.1  -0.2   42906.   9.0  342.
2010 335 16   4.5   1.8  -0.6  -0.1   37204.   8.4  352.
2010 335 17   4.5   4.1   0.0   1.6   37999.   9.1  351.
2010 335 18   4.2   4.1  -0.7  -1.2   37775.   8.5  347.
2010 335 19   4.0   3.5  -1.3  -1.7   35133.   9.4  346.
2010 335 20   4.5   3.4  -0.6   0.4   32967.  10.3  350.
2010 335 21   4.3   4.0   0.8   2.1   33704.   9.4  349.
2010 335 22   4.7   4.5  -0.5   0.0   28441.   8.5  346.
2010 335 23   4.2   3.8  -1.6  -0.6   28474.   8.0  343.
2010 336  0   4.6   4.2  -3.4  -2.1   33892.   5.7  341.
2010 336  1   4.3   4.1  -1.6  -2.5   42486.   5.5  346.
2010 336  2   4.4   4.4  -0.6  -2.7   40669.   4.6  345.
2010 336  3   3.8   3.7  -0.2  -3.0   38044.   5.2  344.
2010 336  4   3.5   3.4  -2.9  -1.0   34665.   5.1  330.
2010 336  5   3.4   3.3  -2.9  -0.4   32327.   5.2  329.
2010 336  6   2.5   2.4  -2.1  -0.3   33521.   5.9  325.
2010 336  7   2.6   2.6  -2.4   0.1   32085.   5.8  324.
2010 336  8   2.7   2.7  -2.6   0.6   28999.   5.5  325.
2010 336  9   3.2   3.2  -3.1   0.2   27408.   5.4  324.
2010 336 10   3.0   2.9  -2.9   0.4   26340.   5.8  322.
2010 336 11   2.7   2.7  -2.6   0.3   22392.   6.4  318.
2010 336 12   2.6   2.6  -2.5   0.4   18765.   6.9  316.
2010 336 13   2.3   2.3  -2.0   0.8   17511.   7.3  316.
2010 336 14   2.1   2.0  -1.8   0.9   15719.   7.7  313.
2010 336 15   2.1   2.0  -2.0   0.0   17870.   8.1  310.
2010 336 16   1.9   1.8  -1.7   0.5   17209.   8.5  307.
2010 336 17   2.0   1.8  -1.8  -0.2   16248.   8.7  308.
2010 336 18   1.9   1.8  -1.6  -0.8   15035.   9.2  307.
2010 336 19   2.1   2.0  -1.6  -1.3   14547.   9.3  307.
2010 336 20   2.4   2.3  -1.9  -1.3   13360.   9.5  305.
2010 336 21   2.4   2.4  -1.8  -0.5   14596.   9.9  304.
2010 336 22   2.6   2.5  -1.9  -1.2   15596.   9.8  304.
2010 336 23   1.8   1.4   1.0   0.9   17511.  10.7  318.
2010 337  0   2.3   2.0   0.7   1.9   18090.   9.9  319.
2010 337  1   2.4   2.2  -0.7   1.2   18562.  10.2  313.
2010 337  2   2.6   2.4  -1.1  -0.4   19057.  10.2  313.
2010 337  3   2.7   2.7  -1.4  -1.0   16890.  10.2  311.
2010 337  4   3.0   3.0  -2.0  -1.3   15503.  10.6  309.
2010 337  5   2.4   2.0  -1.3  -0.2   13461.  11.8  308.
2010 337  6   2.3   2.2  -1.5  -1.1   12507.  11.5  303.
2010 337  7   1.6   1.5  -1.0  -0.4   11239.  11.9  304.
2010 337  8   1.6   1.5  -0.7   0.2   11070.  11.7  303.
2010 337  9   1.8   1.3  -0.2   1.3   11756.  11.3  301.
2010 337 10   2.3   2.0  -0.6   1.3   10892.  11.7  301.
2010 337 11   3.2   3.0   0.5  -0.2   12474.  11.9  303.
2010 337 12   3.1   3.0   0.1   0.0   12418.  13.6  303.
2010 337 13   2.7   2.7   0.1  -0.6   12537.  15.1  301.
2010 337 14   2.2   1.8   0.3  -1.3   12510.  14.8  297.
2010 337 15   2.0   1.9   0.8  -0.3   14048.  14.2  294.
2010 337 16   1.9   1.7   0.6   0.6   16496.  12.8  294.
2010 337 17   2.0   0.8   0.6   0.4   16789.  12.8  294.
2010 337 18   2.0   2.0   1.3  -0.1   15495.  13.0  291.
2010 337 19   2.6   2.5   2.0   0.6   15685.  12.1  289.
2010 337 20   3.1   3.0   1.4   2.7   17482.  11.8  289.
2010 337 21   3.4   3.0   2.7   1.0   16349.  12.1  286.
2010 337 22   2.9   2.9   1.7   1.0   18976.  13.2  289.
2010 337 23   2.2   1.8   0.9   0.1   12949.  14.2  287.
2010 338  0   2.0   1.0  -0.2  -0.4   14072.  13.8  288.
2010 338  1   1.6   1.3  -0.9  -0.6   14916.  13.4  290.
2010 338  2   1.8   1.7  -1.6  -0.2   13941.  13.9  290.
2010 338  3   1.9   1.8  -1.4  -0.5   13104.  14.6  290.
2010 338  4   2.2   1.8  -0.4  -0.2   16449.  13.6  290.
2010 338  5   2.4   2.0  -0.7  -0.1   18659.  12.8  287.
2010 338  6   2.7   2.5  -2.2  -1.2   20730.  12.5  288.
2010 338  7   3.0   2.6  -2.3  -1.1   24059.  13.3  293.
2010 338  8   3.8   2.5  -0.6   1.3   25582.  13.0  299.
2010 338  9   4.4   4.0   1.0   3.2   31993.  11.0  305.
2010 338 10   4.3   4.0   2.8   2.2   31029.  11.3  308.
2010 338 11   4.6   3.7  -0.2   1.7   28485.   9.9  298.
2010 338 12   4.2   4.0  -2.2  -2.4   29198.   8.9  292.
2010 338 13   3.2   2.8  -1.5  -0.8   25112.  10.1  291.
2010 338 14   3.7   1.5  -1.1  -1.0   26527.   8.0  296.
2010 338 15   3.7   3.4   0.2   0.9   31784.   8.0  295.
2010 338 16   4.1   3.9   1.4   1.2   33228.   6.5  304.
2010 338 17   4.3   4.3   0.4  -0.6   33201.   5.9  301.
2010 338 18   4.3   4.2   0.2  -1.2   32729.   5.0  299.
2010 338 19   2.6   2.4   0.0   0.2   32146.   6.7  299.
2010 338 20   2.8   2.7   0.8  -0.2   18028.   7.8  299.
2010 338 21   2.9   2.8   0.9  -0.3   16033.   7.9  296.
2010 338 22   2.8   2.7   1.7  -0.2   15275.   8.2  297.
2010 338 23   2.8   2.5   1.1  -0.9   17422.   7.6  293.
2010 339  0   2.9   2.8   2.1   0.6   13895.   7.8  290.
2010 339  1   3.2   3.1   2.3   1.5   13739.   7.1  289.
2010 339  2   2.8   2.6   2.1   1.4   14556.   6.8  286.
2010 339  3   2.5   2.2  -1.2  -0.7   24329.   5.9  282.
2010 339  4   3.0   3.0  -2.4  -1.0   21916.   5.0  283.
2010 339  5   2.4   2.1  -1.4  -0.5   26104.   5.0  282.
2010 339  6   3.0   2.9  -1.2  -0.4   21327.   4.2  283.
2010 339  7   2.5   2.3  -0.2   0.0   22894.   4.7  282.
2010 339  8   2.2   1.6   0.5   0.0   22878.   5.3  280.
2010 339  9   2.2   1.9   0.3   0.5   19908.   5.3  279.
2010 339 10   2.3   2.0  -1.0  -0.3   18599.   4.9  277.
2010 339 11   2.1   1.8  -1.1   0.2   17734.   5.9  277.
2010 339 12   2.2   2.1  -0.7  -0.8   19745.   6.8  280.
2010 339 13   2.0   1.8  -0.4   0.6   15562.   7.7  281.
2010 339 14   2.3   2.2  -0.5   1.1   13282.   8.5  282.
2010 339 15   2.7   2.6  -0.4   1.6   14441.  10.3  287.
2010 339 16   3.7   3.5  -0.8   2.8   16466.  13.1  293.
2010 339 17   4.4   4.2  -0.3   2.6   18387.  13.5  294.
2010 339 18   4.1   3.8   1.5   2.0   19082.  15.1  295.
2010 339 19   5.0   4.6  -1.7   1.0   20922.  12.9  285.
2010 339 20   5.2   4.8  -1.0  -1.5   24862.  12.5  288.
2010 339 21   5.4   4.3  -0.4  -2.6   23477.  13.8  288.
2010 339 22   5.4   5.0   0.3  -4.4   22517.  13.3  288.
2010 339 23   5.4   5.0  -1.7   0.0   20987.  11.5  282.
2010 340  0   5.2   5.1  -2.5   1.4   16195.  10.5  279.
2010 340  1   3.6   3.5  -2.1   0.3   13333.  14.4  281.
2010 340  2   3.4   3.2  -1.4  -1.8   14771.  17.2  285.
2010 340  3   4.3   4.1  -1.1   0.2   16789.  13.9  284.
2010 340  4   3.7   3.5  -1.8  -0.3   17219.  14.5  287.
2010 340  5   4.9   4.8  -4.1  -0.3   17176.  14.0  284.
2010 340  6   4.7   4.6  -3.9  -0.6   17092.  15.4  280.
2010 340  7   5.2   5.1  -4.2   0.4   18895.  13.2  280.
2010 340  8   4.9   4.7  -3.2  -1.3   18760.  13.8  283.
2010 340  9   5.8   5.6  -4.0  -0.3   18824.  13.0  280.
2010 340 10   5.5   5.1  -3.5  -0.2   20821.  16.5  288.
2010 340 11   6.0   5.9  -3.2   2.7   21085.  17.5  293.
2010 340 12   5.4   4.4   0.4   4.2   28787.  20.1  292.
2010 340 13   6.7   6.6  -1.4   3.7   15588.  19.7  298.
2010 340 14   8.0   7.9   0.1   5.4   17610.  20.9  304.
2010 340 15   7.0   5.8  -2.0   2.0   29305.  22.8  299.
2010 340 16   7.2   7.1  -4.8  -3.5   30030.  20.0  290.
2010 340 17   6.8   5.6  -2.6   0.1   55338.  15.5  306.
2010 340 18   9.0   8.9  -1.9   2.5   52594.   8.8  317.
2010 340 19   5.6   3.4   2.6   2.1   52550.  15.9  334.
2010 340 20   6.8   6.8   4.2   2.2   21308.  15.3  329.
2010 340 21   7.3   7.3   4.5   0.4   37169.  11.7  329.
2010 340 22   7.5   7.4   4.1  -1.5   49391.   9.0  327.
2010 340 23   6.9   6.6   3.7  -0.2   56262.   9.1  330.
2010 341  0   6.7   6.5   2.3   1.1   62668.   8.6  338.
2010 341  1   6.8   6.3   2.0   0.7   47046.   9.9  345.
2010 341  2   7.1   7.1   1.4  -1.0   42348.  10.9  348.
2010 341  3   6.2   5.8   2.8  -1.1   56444.  11.9  348.
2010 341  4   6.2   6.1   4.3  -0.2   63623.  12.9  344.
2010 341  5   6.5   6.0   3.6   1.7   52014.  13.6  344.
2010 341  6   7.2   6.2   1.8   3.1   39059.  14.1  351.
2010 341  7   7.0   6.2   1.8   3.9   53542.  14.6  358.
2010 341  8   6.1   5.6   2.7   3.3   45710.  15.1  356.
2010 341  9   8.0   6.9   2.9   3.0   47436.  15.9  352.
2010 341 10   6.3   5.8   2.0  -2.5   44548.  16.6  350.
2010 341 11   5.3   4.7   0.0  -4.0   46667.  17.9  350.
2010 341 12   6.5   5.8   0.0  -5.6   47886.  18.1  349.
2010 341 13   5.4   4.8  -2.0  -4.4   45978.  17.1  354.
2010 341 14   3.3   0.8   0.1  -0.7   42080.  17.9  351.
2010 341 15   3.4   0.9  -0.5   0.3   28338.  18.1  360.
2010 341 16   2.7   2.3  -0.8  -1.9   37971.  17.5  361.
2010 341 17   3.0   1.3  -0.6  -0.7   46462.  17.8  357.
2010 341 18   5.6   4.9  -1.6  -1.6   58923.  10.3  352.
2010 341 19   5.2   4.2  -2.2  -1.9   68506.  10.2  361.
2010 341 20   4.7   3.7  -2.1  -2.4   77354.  10.7  373.
2010 341 21   5.7   5.3  -1.5  -2.8   65588.   9.9  377.
2010 341 22   4.2   3.7  -1.7  -2.7   71057.   9.7  372.
2010 341 23   5.0   3.8  -1.7  -3.3   70139.   9.3  372.
2010 342  0   5.1   3.7   2.1   0.2   83334.   8.8  361.
2010 342  1   5.5   4.5   3.0  -1.8   73831.   8.2  355.
2010 342  2   5.2   4.5   2.8  -3.0   81338.   8.7  354.
2010 342  3   3.9   3.7   3.0  -1.9   92623.   9.1  350.
2010 342  4   5.4   4.7   4.5  -0.3   64311.   6.4  337.
2010 342  5   5.8   5.2   2.0   2.0   68662.   7.1  350.
2010 342  6   4.6   4.0   1.4  -1.5   61750.   9.7  354.
2010 342  7   3.6   0.6  -0.3  -0.1   52822.  10.8  362.
2010 342  8   4.8   4.3   1.6   2.5   58496.   7.5  356.
2010 342  9   4.5   4.0  -0.9   2.6   54672.   8.0  361.
2010 342 10   3.9   3.4   2.3  -0.8   62665.   7.7  355.
2010 342 11   3.8   1.3   0.6   0.1   55003.   7.7  363.
2010 342 12   3.9   3.8  -2.7  -1.1   43585.   8.8  362.
2010 342 13   4.8   4.6  -2.8  -2.3   40360.   7.4  360.
2010 342 14   5.5   5.3  -3.9  -2.6   64559.   5.3  373.
2010 342 15   6.1   4.9  -3.4  -1.2   64611.   2.9  377.
2010 342 16   4.3   2.5  -0.5  -1.1  119715.   4.4  412.
2010 342 17   3.9   2.3  -1.1   1.4  113900.   4.4  411.
2010 342 18   4.1   3.5   1.0  -3.3   98787.   4.0  411.
2010 342 19   4.0   3.6   1.3  -3.3   90791.   3.7  411.
2010 342 20   3.4   2.7  -0.3   1.7   82142.   3.9  408.
2010 342 21   3.4   2.8  -2.2   0.2   72696.   3.8  395.
2010 342 22   3.7   3.4  -1.9  -1.2   67558.   3.7  388.
2010 342 23   3.6   3.3  -2.5  -0.6   61157.   3.6  381.
2010 343  0   3.2   2.6  -2.0   0.1   59789.   3.6  384.
2010 343  1   3.2   2.8  -0.7  -1.0   60371.   3.5  392.
2010 343  2   3.1   2.8  -1.5  -1.4   58750.   3.5  384.
2010 343  3   2.9   2.7  -2.4  -0.9   54192.   3.7  376.
2010 343  4   2.8   2.2  -1.9  -0.1   50519.   3.7  374.
2010 343  5   2.8   2.1   0.4   0.0   47988.   3.8  383.
2010 343  6   2.7   2.1  -0.3  -0.8   49181.   3.8  377.
2010 343  7   2.5   2.1  -1.7   0.2   51244.   3.7  370.
2010 343  8   2.6   2.5  -2.2  -0.2   50635.   3.8  365.
2010 343  9   2.7   2.7  -2.5   0.6   48739.   3.8  364.
2010 343 10   3.2   3.1  -3.0   0.8   43792.   3.4  359.
2010 343 11   3.6   3.4  -3.0   0.6   45482.   4.6  365.
2010 343 12   3.7   3.7  -3.0   0.5   38270.   5.3  365.
2010 343 13   3.8   3.2  -2.3   0.0   31630.   5.2  363.
2010 343 14   3.7   3.6  -2.8   1.3   22787.   5.1  358.
2010 343 15   3.4   3.4  -2.8   0.9   20820.   5.2  351.
2010 343 16   3.2   3.1  -2.6  -0.3   21100.   5.2  345.
2010 343 17   2.9   2.8  -2.3  -0.4   18456.   5.3  341.
2010 343 18   2.5   2.4  -2.0   1.3   17198.   6.1  339.
2010 343 19   1.7   0.9  -0.6   0.7   17236.   7.5  341.
2010 343 20   2.3   2.1  -0.2  -0.8   15099.   6.8  335.
2010 343 21   2.2   1.9  -0.5  -0.1   16903.   7.0  333.
2010 343 22   2.9   2.6  -0.4   1.1   24557.   6.4  333.
2010 343 23   3.5   3.3   0.6   2.6   25925.   6.9  328.
2010 344  0   2.0   1.8  -0.4   1.4   26172.   8.5  335.
2010 344  1   3.6   3.6  -0.6   2.6   22967.   7.5  337.
2010 344  2   3.6   3.5  -0.7   2.1   24474.   9.4  342.
2010 344  3   2.5   2.2  -0.7   1.7   21709.  11.1  342.
2010 344  4   3.4   2.9  -0.4   2.0   28488.   9.3  337.
2010 344  5   4.0   3.5  -0.4   1.2   31359.   8.3  338.
2010 344  6   4.7   4.2   0.4   3.9   37431.   7.1  333.
2010 344  7   3.5   3.1  -0.4   2.2   39116.   7.0  332.
2010 344  8   3.9   3.3   1.5   0.3   44264.   7.0  330.
2010 344  9   4.4   4.3   3.4  -2.6   44762.   5.8  332.
2010 344 10   3.5   1.6   0.1  -0.5   45529.   6.8  331.
2010 344 11   3.4   3.4  -2.8   1.5   42016.   6.4  343.
2010 344 12   2.9   2.6  -1.4   1.3   43734.   6.1  338.
2010 344 13   3.5   3.3   1.3  -0.9   37260.   5.1  333.
2010 344 14   3.6   3.1  -1.3   0.8   28470.   5.3  342.
2010 344 15   3.4   3.3  -1.8   1.2   21167.   5.2  342.
2010 344 16   3.1   2.9   0.5   0.0   24720.   5.0  329.
2010 344 17   2.8   2.6   0.6   0.6   22603.   5.0  323.
2010 344 18   2.6   2.3   1.5  -0.2   27887.   4.5  325.
2010 344 19   1.8   0.8   0.1   0.0   51369.   3.6  349.
2010 344 20   2.2   2.0  -1.1   0.2   42678.   3.5  349.
2010 344 21   2.4   2.2  -0.6   0.2   45181.   3.8  347.
2010 344 22   2.7   2.3  -0.1   0.3   43629.   4.6  348.
2010 344 23   3.5   3.4   2.0  -1.0   39506.   4.3  346.
2010 345  0   3.5   2.2  -1.8   0.4   39592.   4.2  351.
2010 345  1   3.5   2.0   1.5  -0.8   45259.   4.5  356.
2010 345  2   3.8   3.7   3.4  -1.4   46573.   4.6  363.
2010 345  3   3.5   3.5   3.5  -0.5   53762.   4.6  364.
2010 345  4   3.7   3.7   3.6   0.3   45327.   4.4  361.
2010 345  5   3.8   3.7   3.5   1.0   39266.   4.8  359.
2010 345  6   3.6   3.5   3.5  -0.2   38189.   5.3  355.
2010 345  7   3.5   3.3   3.2   0.0   39140.   5.4  357.
2010 345  8   3.3   3.1   2.1   0.7   41317.   6.1  360.
2010 345  9   3.5   3.0   1.2   1.6   38986.   6.2  352.
2010 345 10   3.2   3.0  -1.0   1.8   41021.   5.9  350.
2010 345 11   3.5   2.7  -1.8   1.7   36188.   6.6  348.
2010 345 12   3.0   2.9  -2.6   1.3   38393.   7.1  343.
2010 345 13   4.0   2.2   1.6   0.5   32939.   6.5  339.
2010 345 14   3.9   2.9   1.4   1.0   32917.   7.0  337.
2010 345 15   3.7   3.5  -0.5   1.7   31211.   7.7  339.
2010 345 16   3.8   3.4   0.3   1.2   36024.   7.3  340.
2010 345 17   4.0   4.0   2.3   0.2   31859.   6.9  341.
2010 345 18   4.1   4.0   2.8   0.3   29934.   6.5  339.
2010 345 19   4.0   4.0   3.2  -0.4   25993.   6.3  335.
2010 345 20   4.1   4.0   3.7  -0.1   25968.   6.0  330.
2010 345 21   3.6   3.5   3.0  -0.1   28640.   6.5  325.
2010 345 22   3.9   3.9   3.5  -0.1   23991.   6.4  322.
2010 345 23   3.8   3.6   1.9   1.4   22605.  10.0  321.
2010 346  0   2.9   2.3   0.3   1.6   19677.  12.6  320.
2010 346  1   4.4   3.8   1.6   1.5   19638.  13.3  316.
2010 346  2   4.2   3.1   0.4   1.8   21622.  14.2  324.
2010 346  3   4.0   3.1   2.3  -0.1   20940.  14.1  324.
2010 346  4   3.5   3.3   3.0  -0.6   20784.  14.0  321.
2010 346  5   3.1   2.7   1.8   0.4   22037.  13.4  319.
2010 346  6   3.6   2.1   0.8   1.5   22132.  12.3  319.
2010 346  7   4.7   4.6   0.9   3.3   20846.  10.2  324.
2010 346  8   5.2   5.1   1.6   2.9   20165.  11.2  328.
2010 346  9   5.7   5.7   2.4   3.1   21255.  11.7  325.
2010 346 10   5.7   5.7   3.3   1.8   21649.  11.7  321.
2010 346 11   5.8   5.7   3.7   2.0   23851.  11.2  318.
2010 346 12   5.4   5.3   3.5   2.6   24689.  11.6  317.
2010 346 13   5.3   5.2   3.5   2.4   25410.  12.0  318.
2010 346 14   4.8   4.7   3.8   2.1   26423.  14.6  318.
2010 346 15   8.4   7.5   5.7   1.1   35880.  19.8  336.
2010 346 16  10.1   7.3   5.1  -5.2   46258.  20.7  345.
2010 346 17  11.0   9.5   4.5   1.9   62769.  15.6  352.
2010 346 18  12.0   9.7   1.2   5.3  107280.   8.5  374.
2010 346 19  11.0  10.8   2.0   1.5  113857.   9.1  373.
2010 346 20  11.1  10.6   3.3  -0.1   83289.   5.4  368.
2010 346 21   7.0   4.2   1.0   0.3  140197.   7.7  404.
2010 346 22   7.4   6.9   3.5   0.0  110044.   8.7  412.
2010 346 23   7.6   7.5   5.3  -3.6   87603.   7.3  412.
2010 347  0   7.3   7.1   6.3  -3.0   87036.   5.9  428.
2010 347  1   6.5   5.7  -1.1   1.9   94637.   7.5  443.
2010 347  2   7.3   4.3   3.1  -1.6  136457.   6.6  449.
2010 347  3   6.7   5.2   1.9  -0.3  157867.   6.5  445.
2010 347  4   6.2   6.0  -2.3   2.5  163110.   6.4  453.
2010 347  5   5.7   3.4   2.4  -1.8  189432.   5.9  455.
2010 347  6   4.7   3.1   2.2   0.1  188669.   6.2  458.
2010 347  7   5.9   5.0   3.6  -0.5  159840.   6.2  450.
2010 347  8   6.3   5.3   1.8  -0.4  136599.   5.3  438.
2010 347  9   6.6   6.3  -3.3   1.9  127270.   4.3  439.
2010 347 10   6.4   6.0   4.7  -1.5   80185.   4.6  407.
2010 347 11   6.1   5.9   5.4  -1.7   68000.   4.7  396.
2010 347 12   6.0   5.6   5.2  -0.9   78364.   4.2  406.
2010 347 13   6.2   6.1   4.8   0.8   78841.   3.9  412.
2010 347 14   5.8   5.7   4.6   0.7   75845.   3.9  410.
2010 347 15   5.4   5.1   4.8  -0.5   80816.   3.7  406.
2010 347 16   5.4   4.9   4.4  -1.9   79318.   3.7  413.
2010 347 17   5.4   5.2   2.6   1.6   65096.   4.0  454.
2010 347 18   6.0   4.0   2.2   0.9   82350.   3.5  477.
2010 347 19   6.8   6.3   5.6  -1.8  111779.   3.3  492.
2010 347 20   6.7   6.6   3.7   0.8  142019.   4.3  491.
2010 347 21   7.9   7.0   1.9   1.8  142655.   4.2  506.
2010 347 22   7.2   6.8   5.3  -3.4  255155.   4.0  559.
2010 347 23   5.8   5.3   4.0  -0.8  252271.   4.1  575.
2010 348  0   4.5   2.1  -1.4   1.5  254552.   4.1  588.
2010 348  1   5.0   3.4   1.5  -0.4  253219.   3.7  554.
2010 348  2   5.8   5.5   4.6   0.5  162161.   2.6  534.
2010 348  3   5.3   4.9   4.7   0.1  187465.   3.3  504.
2010 348  4   5.6   4.2   3.4  -1.4  196742.   3.7  543.
2010 348  5   4.9   2.0   1.5  -0.7  362269.   4.0  627.
2010 348  6   5.6   3.1  -0.3   0.2  387203.   4.1  625.
2010 348  7   5.8   4.3   1.3   2.0  424149.   4.0  627.
2010 348  8   6.5   5.4   0.7  -3.0  376154.   3.9  638.
2010 348  9   5.4   3.5   1.8  -2.2  315851.   3.0  651.
2010 348 10   4.8   3.3   2.0  -0.7  282530.   2.9  640.
2010 348 11   5.3   3.2   3.0  -0.4  281124.   2.7  638.
2010 348 12   5.5   4.5   4.5  -0.2  249102.   2.5  627.
2010 348 13   5.6   1.9   1.1  -1.1  249314.   3.3  660.
2010 348 14   5.5   3.0   1.2  -1.2  248091.   3.9  658.
2010 348 15   6.1   2.6  -0.6  -2.5  258100.   5.4  648.
2010 348 16   5.4   2.9   2.3  -0.9  240096.   5.3  631.
2010 348 17   4.9   3.2   2.9   0.8  245147.   5.0  627.
2010 348 18   5.1   3.6   3.4   0.5  199867.   4.3  619.
2010 348 19   5.8   5.2   3.6  -3.7  182300.   4.4  609.
2010 348 20   5.1   4.1   4.0  -0.2  219561.   4.8  612.
2010 348 21   5.3   3.8   3.7  -0.2  194362.   4.4  604.
2010 348 22   5.9   5.5   4.2  -3.0  177148.   3.3  605.
2010 348 23   5.6   5.0   3.5  -1.8  172796.   3.3  615.
2010 349  0   5.3   4.5   3.5  -2.7  162150.   2.9  616.
2010 349  1   4.9   4.1   3.9  -1.3  163671.   2.8  613.
2010 349  2   5.3   5.1   4.4  -2.5  134476.   2.6  607.
2010 349  3   5.6   5.0   4.6  -1.4  137426.   2.7  604.
2010 349  4   5.6   5.1   4.7   1.3  118834.   2.8  593.
2010 349  5   5.5   4.2   2.8  -0.9  134164.   2.5  588.
2010 349  6   5.7   4.5   4.4  -1.2  169207.   2.2  571.
2010 349  7   5.4   4.4   4.1   0.1  162713.   2.0  562.
2010 349  8   5.3   4.4   2.2   0.3  153806.   2.1  577.
2010 349  9   5.3   4.5   2.2   1.1  154270.   2.1  576.
2010 349 10   5.2   3.8   1.5  -0.2  130291.   2.2  574.
2010 349 11   4.9   4.4   2.7  -0.4  145981.   2.5  552.
2010 349 12   4.5   3.6   2.5  -1.4  157463.   2.5  549.
2010 349 13   4.1   3.1   1.9  -0.8  181028.   2.7  561.
2010 349 14   3.9   2.1   1.2  -1.1  178649.   2.8  576.
2010 349 15   4.0   3.3  -1.1   1.2  149760.   2.8  586.
2010 349 16   4.1   3.1  -0.5  -0.9  126903.   2.4  584.
2010 349 17   4.9   4.8   3.5   1.7   69455.   1.3  548.
2010 349 18   4.8   4.5   3.4   0.0   65767.   1.2  540.
2010 349 19   4.6   4.1   2.9   0.4   84681.   1.2  544.
2010 349 20   4.4   4.3   3.9   1.0   73419.   1.2  534.
2010 349 21   4.3   4.2   3.6   0.5   84662.   1.3  541.
2010 349 22   4.2   3.9   3.2   1.2   89184.   1.4  547.
2010 349 23   4.0   2.7   1.7   1.0  122651.   1.8  567.
2010 350  0   3.4   3.0   2.5   1.6  169652.   2.2  561.
2010 350  1   2.8   2.5   2.4   0.6  190604.   2.4  552.
2010 350  2   3.5   3.2   2.3   2.2  143986.   2.2  551.
2010 350  3   3.3   1.7   0.6   0.5  149259.   2.3  562.
2010 350  4   3.3   1.7   0.9   0.6  134081.   2.4  565.
2010 350  5   3.6   3.3   3.2   0.2   89554.   1.8  525.
2010 350  6   3.2   2.9   2.8   0.1  111035.   2.2  528.
2010 350  7   3.3   3.1   3.1  -0.1   94204.   2.0  516.
2010 350  8   3.3   3.1   2.8   1.1  111329.   2.6  523.
2010 350  9   3.0   2.5   2.2   0.4  122790.   2.5  519.
2010 350 10   3.0   2.8   2.4   0.6  120955.   2.4  514.
2010 350 11   3.1   2.9   1.1   1.1  114913.   2.4  515.
2010 350 12   3.4   2.9  -0.4   2.4  112270.   2.6  522.
2010 350 13   3.4   2.9  -1.3  -0.3  115571.   2.9  524.
2010 350 14   3.3   2.9  -1.2  -2.1  108137.   3.0  520.
2010 350 15   3.4   1.8  -0.2  -0.9  115179.   2.6  508.
2010 350 16   3.6   2.9   1.6   0.9  104567.   2.1  484.
2010 350 17   4.0   3.7   2.4   1.5   76678.   1.8  467.
2010 350 18   4.0   3.7   3.7  -0.1   62975.   1.5  446.
2010 350 19   3.9   3.7   3.0   0.3   65512.   1.5  450.
2010 350 20   4.3   4.2   3.2   0.5   64954.   1.8  453.
2010 350 21   4.5   4.3   3.8   0.5   63850.   1.8  443.
2010 350 22   4.3   4.2   4.2  -0.1   67169.   1.7  432.
2010 350 23   4.4   3.5   2.5   1.0   65687.   2.4  455.
2010 351  0   4.4   4.2   2.5   1.2   57199.   2.5  450.
2010 351  1   5.1   4.4   1.4  -1.6   80953.   3.2  472.
2010 351  2   4.3   3.4   2.6   1.6   91800.   3.1  476.
2010 351  3   4.9   4.4   3.5   0.7   69981.   2.1  467.
2010 351  4   4.4   3.8   0.2   0.1  130945.   3.5  496.
2010 351  5   4.8   4.3  -1.8   0.1  144183.   3.5  503.
2010 351  6   5.4   5.2  -1.4   3.4  122633.   3.5  495.
2010 351  7   3.8   3.5   0.6   1.7  150449.   4.0  481.
2010 351  8   3.9   2.6   0.5   2.3  159634.   4.1  492.
2010 351  9   4.3   3.7  -1.3   3.0  154901.   4.6  506.
2010 351 10   3.5   2.3   2.0   0.8  151178.   4.7  489.
2010 351 11   3.6   2.7   1.3   2.1  144549.   5.1  493.
2010 351 12   3.7   2.9  -0.7   0.9  134625.   4.9  498.
2010 351 13   3.4   2.7   2.6   0.9  132499.   4.4  483.
2010 351 14   3.2   2.3   1.7  -0.7  142821.   4.3  487.
2010 351 15   3.6   3.1   2.5   0.4  123984.   4.2  487.
2010 351 16   3.5   3.4   2.6  -0.9  116990.   3.4  487.
2010 351 17   2.9   1.8   0.8  -0.7  102313.   3.3  478.
2010 351 18   2.3   1.5  -0.7   0.3   99269.   3.3  475.
2010 351 19   2.4   1.0   0.7  -0.5   83377.   3.3  447.
2010 351 20   3.3   3.2   3.2  -0.3   57786.   3.4  412.
2010 351 21   3.3   2.8  -2.5   0.5   57673.   4.9  425.
2010 351 22   3.3   2.9  -2.8  -0.6   53348.   4.6  423.
2010 351 23   3.6   2.2   0.7   1.8   59011.   5.7  411.
2010 352  0   3.6   2.2   1.4   1.1   64873.   6.0  407.
2010 352  1   3.1   2.6  -0.3  -1.0   60484.   5.9  413.
2010 352  2   3.8   3.4  -0.5  -1.5   51735.   5.6  410.
2010 352  3   4.1   3.5   1.2  -1.7   49378.   5.7  400.
2010 352  4   4.3   3.4  -0.2  -0.9   42613.   4.9  403.
2010 352  5   4.1   3.0  -1.4   2.0   41372.   5.0  415.
2010 352  6   3.1   2.9  -1.8   1.6   48141.   5.4  421.
2010 352  7   3.3   2.1  -0.4  -0.4   59784.   5.4  417.
2010 352  8   3.6   3.4  -1.6   2.0   51933.   5.5  419.
2010 352  9   3.3   3.1  -1.4   1.3   56749.   6.3  424.
2010 352 10   3.6   2.8  -0.1   0.7   56854.   5.6  423.
2010 352 11   4.4   4.2   3.8  -1.8   57256.   4.3  429.
2010 352 12   4.0   3.8   3.7  -1.0   55187.   4.4  423.
2010 352 13   3.6   3.3   3.2  -1.0   58379.   4.0  426.
2010 352 14   3.1   3.0   2.9  -0.2   69468.   3.9  434.
2010 352 15   3.2   3.1   2.7   0.5   60716.   3.9  431.
2010 352 16   2.8   0.7   0.0   0.0   64259.   4.4  422.
2010 352 17   4.0   3.9   2.8   0.8   48529.   4.3  422.
2010 352 18   3.6   3.5   2.4   0.5   47266.   4.3  418.
2010 352 19   3.3   3.2   2.5   1.2   50982.   4.1  411.
2010 352 20   3.0   2.8   1.6   1.2   53206.   4.2  405.
2010 352 21   3.7   3.3   1.0   3.1   48948.   3.0  404.
2010 352 22   4.2   4.0   3.3   1.3   41486.   2.7  380.
2010 352 23   4.1   4.0   3.1  -2.1   47425.   3.2  385.
2010 353  0   4.1   4.0   3.4  -2.1   38736.   3.0  376.
2010 353  1   3.8   3.5   3.3  -0.9   48915.   3.1  383.
2010 353  2   4.1   4.0   4.0  -0.5   33240.   2.1  372.
2010 353  3   4.5   4.3   3.7  -1.9   47745.   3.0  380.
2010 353  4   4.3   4.0   3.1  -0.5   46818.   4.8  403.
2010 353  5   4.3   3.8   3.2   0.0   41242.   4.2  402.
2010 353  6   4.2   4.1   3.9   0.1   45775.   3.4  401.
2010 353  7   4.0   3.9   3.6   0.9   35466.   3.2  392.
2010 353  8   3.7   3.7   3.4   0.7   30805.   3.6  394.
2010 353  9   3.3   3.3   3.0  -0.1   29526.   4.1  395.
2010 353 10   2.8   2.8   2.5   0.4   21700.   4.9  392.
2010 353 11   2.5   2.4   1.8   0.1   25444.   5.0  384.
2010 353 12   2.5   2.4   2.1   0.5   23947.   4.7  380.
2010 353 13   2.9   2.9   2.5   0.6   27909.   2.8  366.
2010 353 14   2.8   2.8   2.5   0.7   24346.   2.9  361.
2010 353 15   2.7   2.7   2.4   0.3   22014.   3.1  361.
2010 353 16   2.1   2.0   1.8  -0.2   17907.   4.5  365.
2010 353 17   2.1   2.1   2.0   0.3   14539.   4.4  362.
2010 353 18   2.3   2.3   2.3   0.5   12454.   4.0  358.
2010 353 19   2.7   2.6   2.6   0.5   11926.   3.4  355.
2010 353 20   3.0   3.0   3.0   0.2   13161.   3.4  351.
2010 353 21   4.2   4.0   3.8   0.2   30217.   6.3  363.
2010 353 22   5.1   4.7   3.2   0.1   40036.  14.0  384.
2010 353 23   7.0   6.8   2.0   1.8   26201.  14.9  393.
2010 354  0   8.0   8.0   1.3   4.9   31719.  11.6  398.
2010 354  1   8.2   8.1   0.5   5.7   29181.  12.5  392.
2010 354  2   7.2   6.6   1.8   1.7   48690.  13.4  384.
2010 354  3   7.6   7.4   4.1  -4.7   20748.  15.1  387.
2010 354  4   8.4   8.2   4.8  -5.5   19009.  13.3  384.
2010 354  5   8.9   8.8   5.0  -6.7   18251.   9.9  385.
2010 354  6   8.3   8.3   5.3  -5.9   28055.  11.7  386.
2010 354  7   7.7   7.6   4.2  -6.3   37127.  12.9  382.
2010 354  8   7.4   7.2   2.9  -6.3   39988.  12.9  380.
2010 354  9   7.1   6.5   0.3  -4.6   43528.  12.8  365.
2010 354 10   7.2   7.0   0.2  -4.5   48494.   7.4  358.
2010 354 11   6.9   6.7  -2.2  -2.6   53638.   5.0  353.
2010 354 12   6.9   6.9  -2.2  -2.1   61788.   3.4  371.
2010 354 13   7.3   7.2  -3.9  -1.5   67761.   2.0  391.
2010 354 14   7.0   6.8  -4.1  -0.6   92219.   1.9  397.
2010 354 15   7.0   7.0  -4.6  -0.7   93667.   1.7  396.
2010 354 16   6.6   6.6  -4.9   0.1  128160.   2.1  402.
2010 354 17   6.4   6.1  -4.9   1.4  119426.   2.6  401.
2010 354 18   6.6   6.4  -4.8   3.7   98719.   3.4  393.
2010 354 19   7.1   6.9  -6.0   3.2   91139.   3.8  398.
2010 354 20   7.0   6.8   1.3  -5.8   30616.   7.2  374.
2010 354 21   6.7   6.4   2.9  -5.7   33412.   6.8  375.
2010 354 22   5.6   2.7   1.8  -0.8   90656.   4.7  391.
2010 354 23   4.3   2.6   2.2  -0.2  109500.   5.0  414.
2010 355  0   4.9   4.8   4.0  -1.6  103754.   5.5  415.
2010 355  1   4.5   4.4   3.5  -0.4  107322.   5.2  409.
2010 355  2   4.1   3.2   2.0   0.1  101231.   4.6  402.
2010 355  3   4.3   4.2   3.1  -1.8   96134.   4.3  399.
2010 355  4   4.5   4.5   3.2  -0.7   85961.   3.6  397.
2010 355  5   4.3   4.2   3.1  -0.8   79986.   3.3  397.
2010 355  6   4.3   4.2   3.2   0.1   80258.   3.3  393.
2010 355  7   4.2   4.2   3.4  -0.4   76106.   3.1  387.
2010 355  8   4.2   4.1   3.4  -0.8   72265.   3.1  387.
2010 355  9   3.7   3.6   2.8  -0.8   73364.   3.2  386.
2010 355 10   2.9   1.8   0.2   0.0   78495.   3.4  386.
2010 355 11   3.7   3.7   2.6  -0.9   63148.   2.6  378.
2010 355 12   3.5   3.5   2.4  -0.9   61679.   2.6  369.
2010 355 13   3.8   3.8   2.2  -0.8   46948.   2.3  367.
2010 355 14   2.8   2.0   0.5  -1.1   59120.   3.5  361.
2010 355 15   3.9   3.3   0.8  -1.4   43065.   3.2  360.
2010 355 16   3.9   3.8   1.0  -0.6   30052.   3.4  358.
2010 355 17   3.6   3.5   1.5  -1.6   28959.   3.6  352.
2010 355 18   3.4   3.2   1.3  -0.6   29429.   3.4  349.
2010 355 19   3.3   2.6  -0.3  -0.4   26720.   3.2  348.
2010 355 20   3.4   3.4  -2.6   0.9   19119.   3.1  348.
2010 355 21   2.8   0.8   0.3  -0.3   27667.   3.4  353.
2010 355 22   1.2   0.8  -0.5   0.3   47343.   3.8  364.
2010 355 23   1.6   1.0  -0.9   0.0   40515.   4.1  353.
2010 356  0   2.1   2.0  -1.3   0.4   31416.   4.1  350.
2010 356  1   2.4   2.0  -0.9   0.8   30230.   4.2  344.
2010 356  2   2.0   1.8  -0.7   1.7   30358.   4.2  338.
2010 356  3   2.0   1.9   1.2  -0.4   25437.   4.0  331.
2010 356  4   2.0   1.9   1.4  -1.0   22652.   3.9  325.
2010 356  5   1.7   1.7   1.5  -0.8   23340.   3.7  325.
2010 356  6   1.7   1.7   1.7  -0.2   25611.   3.7  322.
2010 356  7   1.6   1.6   1.6  -0.2   23513.   3.6  322.
2010 356  8   1.7   1.7   1.7   0.0   21880.   3.6  322.
2010 356  9   1.7   1.6   1.5  -0.4   23739.   3.8  323.
2010 356 10   1.9   1.7   1.5  -0.7   23561.   3.9  325.
2010 356 11   1.6   1.3   0.6   0.0   22980.   4.5  325.
2010 356 12   2.0   2.0  -0.4   0.0   21352.   4.7  327.
2010 356 13   2.0   1.5   1.2   0.0   23847.   4.8  323.
2010 356 14   1.9   1.7  -0.2   0.2   20870.   4.9  322.
2010 356 15   1.8   1.5   1.5   0.0   20699.   4.9  312.
2010 356 16   1.8   1.8   1.5  -0.4   20918.   4.7  309.
2010 356 17   1.9   1.6   0.9  -0.5   19931.   4.8  309.
2010 356 18   2.0   1.7   0.4   0.5   18460.   4.6  311.
2010 356 19   1.9   1.8   1.1   0.8   19020.   4.6  307.
2010 356 20   2.0   1.8   1.3   1.0   18848.   4.8  306.
2010 356 21   1.8   1.6   1.0   0.9   17604.   6.2  310.
2010 356 22   1.8   1.7   0.9   0.1   15431.   6.7  311.
2010 356 23   2.1   1.9   1.4  -1.2   13969.   6.5  311.
2010 357  0   2.3   2.2   1.5  -1.6   13627.   6.4  308.
2010 357  1   2.5   2.4   1.6  -1.6   14112.   6.4  305.
2010 357  2   2.3   1.8   0.6  -0.4   14581.   6.8  305.
2010 357  3   2.5   2.0   0.0  -0.9   14003.   6.8  304.
2010 357  4   2.7   2.6  -0.6   0.3   11897.   7.0  307.
2010 357  5   2.9   2.8  -1.8   1.5   11985.   7.5  308.
2010 357  6   2.8   2.7  -1.9   1.8   11859.   7.6  309.
2010 357  7   2.6   2.2   1.3  -1.6   16533.   6.2  311.
2010 357  8   2.6   1.6   1.0  -0.7   24753.   5.6  312.
2010 357  9   2.6   2.5   1.6  -1.9   27452.   5.6  312.
2010 357 10   2.6   2.3   0.8  -2.1   28318.   5.8  311.
2010 357 11   2.7   2.4   0.7  -2.3   28979.   6.1  311.
2010 357 12   2.5   2.1   0.4   0.6   28746.   6.1  312.
2010 357 13   2.4   2.2   0.7   1.0   28273.   6.6  313.
2010 357 14   2.8   2.6   0.7   0.1   25520.   6.8  316.
2010 357 15   3.1   2.9   1.2   1.9   24450.   7.0  315.
2010 357 16   3.0   2.8   0.0   2.5   21909.   7.4  318.
2010 357 17   2.9   2.7  -0.9   2.5   17634.   9.3  319.
2010 357 18   2.7   2.0   0.2   2.0   18483.  10.2  318.
2010 357 19   2.7   2.5   0.0   2.5   16287.  10.5  315.
2010 357 20   2.1   1.3  -0.2   1.2   14915.  11.4  316.
2010 357 21   2.7   2.4  -0.3   1.7   14692.  10.3  317.
2010 357 22   5.0   4.9  -0.3   4.9   16108.   6.0  316.
2010 357 23   5.1   5.0  -0.8   4.8   15142.   6.5  314.
